0.919278 0.0806223 9.9991E-05
0.970478 0.0294224 9.9991E-05
0.9998 9.999E-05 9.999E-05
0.9998 9.999E-05 9.999E-05
0.9998 9.999E-05 9.999E-05
9.999E-05 0.9998 9.999E-05
9.999E-05 0.970272 0.029628
0.9998 9.999E-05 9.999E-05
0.0126893 0.976541 0.0107693
0.0137642 0.970381 0.0158547
9.9991E-05 0.876193 0.123707
0.0445814 0.850733 0.104686
0.148861 0.844565 0.00657446
0.778805 0.221095 9.9991E-05
0.00401955 0.986109 0.00987133
0.9998 9.999E-05 9.999E-05
0.9998 9.999E-05 9.999E-05
0.985772 0.0141281 9.9991E-05
0.00987453 0.982788 0.00733705
0.435027 0.562566 0.00240701
0.0396881 0.952309 0.0080027
0.804052 0.195848 9.9991E-05
0.0242638 0.961597 0.0141394
0.940714 0.0591864 9.9991E-05
9.9991E-05 0.87636 0.12354
0.016711 0.983189 9.9991E-05
0.0256296 0.959773 0.0145973
0.114427 0.874768 0.0108056
9.9991E-05 0.974538 0.025362
9.9991E-05 0.910943 0.0889573
9.9991E-05 0.977563 0.0223368
0.0212123 0.978152 0.000635576
0.9998 9.999E-05 9.999E-05
0.084588 0.902015 0.0133975
0.9998 9.999E-05 9.999E-05
0.772429 0.227471 9.9991E-05
0.9998 9.999E-05 9.999E-05
0.340264 0.659636 9.9991E-05
9.9991E-05 0.986821 0.0130793
0.995103 0.000951392 0.0039461
0.164359 0.797075 0.0385664
0.9998 9.999E-05 9.999E-05
0.9998 9.999E-05 9.999E-05
0.533458 0.466442 9.9991E-05
0.00225017 0.958038 0.0397117
0.112486 0.165196 0.722318
0.0278813 0.96198 0.010139
0.0104608 0.614281 0.375259
0.857223 0.142677 9.9991E-05
0.998697 0.00120311 9.9991E-05
0.838697 0.161203 9.9991E-05
0.995504 0.00439611 9.9991E-05
0.987792 0.0121082 9.9991E-05
0.0222048 0.977034 0.000761187
0.0168743 0.969 0.0141253
0.0043029 0.995597 9.9991E-05
0.0055046 0.994395 9.9991E-05
0.0259478 0.970039 0.00401301
0.0242593 0.975641 9.9991E-05
0.019155 0.96762 0.0132246
0.0150736 0.984826 9.9991E-05
0.9998 9.999E-05 9.999E-05
0.00180151 0.998099 9.9991E-05
0.9998 9.999E-05 9.999E-05
0.9465 0.0534004 9.9991E-05
0.9998 9.999E-05 9.999E-05
0.984749 0.015151 9.9991E-05
0.166844 0.828057 0.00509912
0.0292182 0.964666 0.00611608
0.0502997 0.9496 9.9991E-05
0.040355 0.959545 9.9991E-05
0.0198424 0.980058 9.9991E-05
0.960822 0.0390783 9.9991E-05
9.9991E-05 0.983954 0.0159457
0.0333151 0.966036 0.000648715
0.043813 0.956087 9.9991E-05
0.00137201 0.998528 9.9991E-05
0.641211 0.358689 9.9991E-05
0.0177218 0.982178 9.9991E-05
0.610104 0.389796 9.9991E-05
0.0135394 0.931472 0.0549884
0.0849654 0.901692 0.013343
0.0422809 0.940106 0.0176127
0.0443538 0.899021 0.0566255
0.0128856 0.899987 0.0871275
0.0204231 0.979477 9.9991E-05
0.0624967 0.899695 0.0378081
0.0124808 0.966595 0.0209244
0.00171232 0.9967 0.00158726
0.0173693 0.980783 0.00184807
0.000538336 0.98408 0.0153819
0.9998 9.999E-05 9.999E-05
0.719137 0.280763 9.9991E-05
0.9998 9.999E-05 9.999E-05
0.928343 0.0715568 9.9991E-05
0.00739848 0.992502 9.9991E-05
0.0475846 0.952315 9.9991E-05
0.00670971 0.976975 0.0163152
0.00267315 0.997172 0.00015477
0.0172447 0.925179 0.0575765
0.971276 0.0214583 0.00726585
0.976832 0.0230676 9.9991E-05
0.993356 0.00654435 9.9991E-05
0.0109522 0.988948 9.9991E-05
0.0137347 0.986165 9.9991E-05
0.0147783 0.985122 9.9991E-05
0.0119124 0.987988 9.9991E-05
9.9991E-05 0.953545 0.0463552
0.9998 9.999E-05 9.999E-05
0.0347544 0.965146 9.9991E-05
0.0296077 0.970292 9.9991E-05
0.0144484 0.985452 9.9991E-05
0.0133067 0.986593 9.9991E-05
0.9998 9.999E-05 9.999E-05
0.0522425 0.947657 9.9991E-05
0.608135 0.391765 9.9991E-05
0.0384161 0.961484 9.9991E-05
0.0529697 0.94693 9.9991E-05
0.0504328 0.949467 9.9991E-05
0.18512 0.81478 9.9991E-05
0.0358034 0.964097 9.9991E-05
0.0798846 0.917101 0.00301446
0.0382032 0.952179 0.00961793
0.132122 0.86645 0.00142878
0.0557908 0.889021 0.055188
0.9998 9.999E-05 9.999E-05
0.0409085 0.954065 0.00502606
0.9998 9.999E-05 9.999E-05
0.0597434 0.940157 9.9991E-05
0.0684116 0.918087 0.0135014
0.104349 0.895551 9.9991E-05
0.0225615 0.977338 9.9991E-05
0.473531 0.526369 9.9991E-05
0.649054 0.350846 9.9991E-05
0.697435 0.302465 9.9991E-05
0.905796 0.0941044 9.9991E-05
0.120359 0.861309 0.0183325
0.012655 0.987245 9.9991E-05
0.0864784 0.913082 0.000439601
0.998485 0.00141473 9.9991E-05
0.0144635 0.985436 9.9991E-05
0.0691817 0.930718 9.9991E-05
0.0196496 0.98025 9.9991E-05
0.601545 0.382042 0.0164136
0.0854857 0.914414 9.9991E-05
0.937526 0.062374 9.9991E-05
0.122403 0.869143 0.00845432
0.016022 0.982585 0.00139333
0.0178311 0.982069 9.9991E-05
0.421629 0.578271 9.9991E-05
0.0313005 0.968599 9.9991E-05
0.9998 9.999E-05 9.999E-05
0.9998 9.999E-05 9.999E-05
0.9998 9.999E-05 9.999E-05
0.0433274 0.921625 0.0350473
0.050646 0.18486 0.764494
0.0252898 0.961591 0.0131192
0.9998 9.999E-05 9.999E-05
0.9998 9.999E-05 9.999E-05
0.9998 9.999E-05 9.999E-05
0.9998 9.999E-05 9.999E-05
0.9998 9.999E-05 9.999E-05
0.9998 9.999E-05 9.999E-05
0.316285 0.605234 0.0784812
0.174366 0.80304 0.0225946
0.9998 9.999E-05 9.999E-05
9.9991E-05 0.98123 0.0186698
0.0345088 0.965391 9.9991E-05
0.9998 9.999E-05 9.999E-05
0.9998 9.999E-05 9.999E-05
0.0833278 0.900913 0.0157593
0.00305714 0.948365 0.048578
0.0129124 0.872604 0.114484
0.9998 9.999E-05 9.999E-05
0.999764 9.9991E-05 0.000135662
0.991761 0.00813863 9.9991E-05
0.980422 0.019478 9.9991E-05
0.415481 0.484946 0.0995731
0.0167332 0.983167 9.9991E-05
0.00508509 0.994815 9.9991E-05
0.0227006 0.975519 0.00178036
0.95158 0.0483201 9.9991E-05
9.9991E-05 0.962262 0.0376383
0.0203963 0.959596 0.0200077
0.990797 0.00910273 9.9991E-05
0.0230773 0.954652 0.0222709
0.0654503 0.93445 9.9991E-05
0.0695283 0.914597 0.0158747
0.0335873 0.942034 0.0243787
0.9998 9.999E-05 9.999E-05
0.9998 9.999E-05 9.999E-05
0.0425624 0.946005 0.011433
0.00536537 0.992623 0.00201186
0.0336516 0.93698 0.029368
0.938632 0.046854 0.0145136
0.016859 0.973781 0.0093597
0.00900429 0.990896 9.9991E-05
0.9998 9.999E-05 9.999E-05
0.041965 0.916189 0.0418465
0.0147159 0.985184 9.9991E-05
0.9998 9.999E-05 9.999E-05
0.0123475 0.981361 0.00629181
0.0135518 0.611962 0.374486
0.0235911 0.952138 0.0242709
0.9998 9.999E-05 9.999E-05
0.0331396 0.932134 0.0347261
0.9998 9.999E-05 9.999E-05
0.9998 9.999E-05 9.999E-05
0.125279 0.86501 0.00971117
0.9998 9.999E-05 9.999E-05
0.0355791 0.94379 0.0206304
0.9998 9.999E-05 9.999E-05
0.0191509 0.961299 0.0195497
0.0285279 0.971372 9.9991E-05
0.00226919 0.960185 0.0375462
0.0168641 0.983036 9.9991E-05
0.995251 0.00464874 9.9991E-05
0.9998 9.999E-05 9.999E-05
0.0517594 0.948141 9.9991E-05
0.0187865 0.958714 0.0225
0.9998 9.999E-05 9.999E-05
0.9998 9.999E-05 9.999E-05
0.0831176 0.909062 0.00782071
0.0481031 0.163784 0.788113
0.0555137 0.927392 0.0170947
0.9998 9.999E-05 9.999E-05
0.0132985 0.95129 0.0354116
0.00873991 0.981741 0.00951864
0.0130132 0.983363 0.00362349
0.0140369 0.985863 9.9991E-05
0.9998 9.999E-05 9.999E-05
0.0585897 0.92559 0.01582
0.0402204 0.951338 0.00844113
0.0400019 0.950602 0.00939593
0.0382808 0.946331 0.0153883
0.9998 9.999E-05 9.999E-05
0.0222443 0.964699 0.0130564
0.025487 0.95545 0.0190627
0.00293486 0.996965 9.9991E-05
0.9998 9.999E-05 9.999E-05
0.0207421 0.979158 9.9991E-05
0.0246304 0.96708 0.00828937
0.9998 9.999E-05 9.999E-05
0.0139273 0.985973 9.9991E-05
0.0215996 0.905167 0.0732338
0.9998 9.999E-05 9.999E-05
0.0275318 0.972368 9.9991E-05
0.00349961 0.990724 0.00577626
0.465797 0.534103 9.9991E-05
0.127566 0.872334 9.9991E-05
0.575309 0.424591 9.9991E-05
0.0658929 0.934007 9.9991E-05
0.025876 0.974024 9.9991E-05
0.0609551 0.938945 9.9991E-05
0.616468 0.383432 9.9991E-05
0.0694471 0.910584 0.0199688
0.258786 0.705019 0.0361949
0.9998 9.999E-05 9.999E-05
0.185117 0.814417 0.000465906
0.972899 0.0270012 9.9991E-05
0.0216417 0.978258 9.9991E-05
0.0540717 0.94439 0.00153816
0.0334613 0.966439 9.9991E-05
0.0544609 0.945439 9.9991E-05
9.999E-05 0.9998 9.999E-05
0.0366695 0.96323 9.9991E-05
9.999E-05 0.9998 9.999E-05
9.9991E-05 0.877472 0.122428
9.999E-05 0.9998 9.999E-05
0.00928698 0.937435 0.0532777
0.00114636 0.998754 9.9991E-05
0.113684 0.886216 9.9991E-05
0.52208 0.47782 9.9991E-05
0.0576976 0.942202 9.9991E-05
0.0152123 0.978331 0.0064567
0.774742 0.19341 0.0318486
9.9991E-05 0.993154 0.00674574
9.9991E-05 0.953611 0.0462887
9.999E-05 0.9998 9.999E-05
0.018011 0.973915 0.00807443
0.0333997 0.9665 9.9991E-05
0.010732 0.977681 0.0115872
9.9991E-05 0.990461 0.0094389
9.999E-05 0.9998 9.999E-05
0.304971 0.537699 0.15733
0.9998 9.999E-05 9.999E-05
0.0437272 0.956173 9.9991E-05
0.651487 0.348413 9.9991E-05
0.000454307 0.991864 0.00768128
0.147972 0.845155 0.00687269
0.0127667 0.987133 9.9991E-05
9.999E-05 0.9998 9.999E-05
0.00332996 0.99657 9.9991E-05
0.000901585 0.998998 9.9991E-05
0.9998 9.999E-05 9.999E-05
0.868777 0.131123 9.9991E-05
0.9998 9.999E-05 9.999E-05
0.630681 0.115574 0.253746
0.105929 0.874115 0.0199562
0.0291459 0.948958 0.0218961
0.0184303 0.00153219 0.980038
0.0656238 0.934276 9.9991E-05
0.691249 0.0439977 0.264753
0.692037 0.0480291 0.259934
0.690988 0.0508514 0.258161
0.00829534 0.991605 9.9991E-05
0.242072 0.706542 0.0513864
0.00412161 0.995065 0.0008129
9.999E-05 0.9998 9.999E-05
0.41707 0.291396 0.291534
9.999E-05 0.9998 9.999E-05
0.9998 9.999E-05 9.999E-05
0.0191699 0.974969 0.00586115
0.01432 0.963962 0.0217182
0.971015 0.0288852 9.9991E-05
0.9998 9.999E-05 9.999E-05
0.00411329 0.98846 0.00742682
9.999E-05 0.9998 9.999E-05
0.0192263 0.980674 9.9991E-05
9.999E-05 0.9998 9.999E-05
0.00126606 0.998634 9.9991E-05
0.00998711 0.978634 0.0113784
0.0247188 0.975181 9.9991E-05
0.0215189 0.978381 9.9991E-05
0.0157569 0.967689 0.0165544
0.0736603 0.91051 0.0158294
0.193941 0.799708 0.00635113
0.0361438 0.954501 0.00935541
0.0256074 0.974293 9.9991E-05
0.0452142 0.947899 0.00688713
9.9991E-05 0.995432 0.00446777
9.9991E-05 0.985781 0.0141188
9.999E-05 0.9998 9.999E-05
9.9991E-05 0.751782 0.248118
9.9991E-05 0.83386 0.16604
0.202084 0.795478 0.00243796
0.0337129 0.956702 0.00958508
0.0126697 0.984369 0.00296148
0.26638 0.58481 0.14881
0.69811 0.0828714 0.219019
0.989479 0.010421 9.9991E-05
9.999E-05 0.9998 9.999E-05
0.0081467 0.432697 0.559156
0.924252 0.0525735 0.0231741
0.681655 0.0652049 0.25314
0.9998 9.999E-05 9.999E-05
0.617376 0.0563342 0.32629
0.992272 0.00299428 0.00473323
0.0035906 0.996309 9.9991E-05
0.112386 0.84416 0.0434535
0.9998 9.999E-05 9.999E-05
0.00868144 0.983267 0.0080513
0.00782233 0.964852 0.027326
0.0122226 0.987677 9.9991E-05
0.117065 0.865128 0.0178071
0.033608 0.949203 0.0171892
0.0510846 0.944045 0.00486999
0.0227283 0.961471 0.0158007
0.120492 0.871751 0.00775617
0.027047 0.972853 9.9991E-05
0.0363583 0.951917 0.0117246
0.00158788 0.998312 9.9991E-05
0.908336 0.0810367 0.0106275
0.0621537 0.837309 0.100537
0.0194558 0.975648 0.0048962
0.9998 9.999E-05 9.999E-05
0.0637434 0.936157 9.9991E-05
0.0574774 0.939375 0.00314776
0.860763 0.139137 9.9991E-05
0.918073 0.0587439 0.0231832
0.9998 9.999E-05 9.999E-05
9.999E-05 0.9998 9.999E-05
0.9998 9.999E-05 9.999E-05
0.661166 0.114878 0.223955
0.00270364 0.992209 0.00508708
0.0380672 0.961833 9.9991E-05
0.0031075 0.970793 0.0260992
0.000681825 0.996653 0.00266501
0.0128316 0.958109 0.029059
0.572416 0.0274732 0.400111
0.019195 0.980705 9.9991E-05
0.974257 0.0103121 0.0154304
9.999E-05 0.9998 9.999E-05
0.020951 0.875279 0.10377
9.999E-05 0.9998 9.999E-05
9.9991E-05 0.798767 0.201133
9.999E-05 0.9998 9.999E-05
9.9991E-05 0.789612 0.210288
9.999E-05 0.9998 9.999E-05
0.00438413 0.735069 0.260547
0.0369564 0.936802 0.0262414
0.023776 0.976124 9.9991E-05
0.9998 9.999E-05 9.999E-05
0.0129057 0.986994 9.9991E-05
0.932318 0.0675825 9.9991E-05
0.0123966 0.978763 0.00884004
0.0429775 0.949228 0.00779413
0.371977 0.627924 9.9991E-05
0.9998 9.999E-05 9.999E-05
0.998763 0.00113682 9.9991E-05
0.956874 0.043026 9.9991E-05
0.972721 0.0271793 9.9991E-05
0.0582755 0.941624 9.9991E-05
0.0040331 0.944154 0.0518128
0.99195 0.00610504 0.00194495
0.0138513 0.986049 9.9991E-05
0.0320233 0.929873 0.0381035
0.0437617 0.9553 0.000938383
9.9991E-05 0.350409 0.649491
0.0372169 0.552401 0.410382
0.00384957 0.991095 0.00505494
0.0281933 0.971707 9.9991E-05
0.0373082 0.962592 9.9991E-05
0.012447 0.987453 9.9991E-05
0.0191535 0.951786 0.0290607
0.0264778 0.973422 9.9991E-05
0.0132518 0.705504 0.281244
0.0410619 0.947351 0.0115869
0.0433435 0.950023 0.00663308
9.999E-05 0.9998 9.999E-05
0.996998 0.00290228 9.9991E-05
0.486837 0.513063 9.9991E-05
0.660943 0.338957 9.9991E-05
0.0608086 0.939091 9.9991E-05
0.979006 0.0173258 0.00366779
0.142405 0.857495 9.9991E-05
0.0205671 0.979333 9.9991E-05
0.9998 9.999E-05 9.999E-05
0.975566 0.0243337 9.9991E-05
0.0391842 0.960716 9.9991E-05
0.0511403 0.94876 9.9991E-05
0.953514 0.0446701 0.00181612
0.0116387 0.900038 0.0883236
0.0625169 0.937383 9.9991E-05
0.998935 0.000965299 9.9991E-05
0.0648371 0.935063 9.9991E-05
0.0270286 0.972871 9.9991E-05
0.0274707 0.972429 9.9991E-05
0.0272817 0.972618 9.9991E-05
9.9991E-05 0.969804 0.0300964
0.891644 0.108256 9.9991E-05
0.196984 0.758441 0.0445753
0.475821 0.524079 9.9991E-05
0.00775859 0.980409 0.0118323
0.55178 0.44812 9.9991E-05
0.573366 0.426534 9.9991E-05
0.951372 0.048528 9.9991E-05
0.702158 0.297742 9.9991E-05
0.91292 0.0869802 9.9991E-05
0.117786 0.877216 0.00499827
0.0362116 0.960265 0.00352314
0.0642034 0.935697 9.9991E-05
0.0109786 0.97798 0.0110409
0.0584821 0.941418 9.9991E-05
0.0459595 0.95394 9.9991E-05
0.0543018 0.945598 9.9991E-05
0.9998 9.999E-05 9.999E-05
0.913812 0.0860878 9.9991E-05
0.0852929 0.914607 9.9991E-05
0.0492213 0.950679 9.9991E-05
0.974236 0.0256642 9.9991E-05
0.591845 0.408055 9.9991E-05
0.824491 0.175409 9.9991E-05
0.0175445 0.982356 9.9991E-05
0.013122 0.986778 9.9991E-05
0.0156285 0.984271 9.9991E-05
0.9998 9.999E-05 9.999E-05
0.9998 9.999E-05 9.999E-05
0.068018 0.931882 9.9991E-05
0.00558922 0.994311 9.9991E-05
0.0930927 0.906807 9.9991E-05
0.203222 0.796678 9.9991E-05
0.9998 9.999E-05 9.999E-05
0.9998 9.999E-05 9.999E-05
0.0320106 0.967889 9.9991E-05
0.12405 0.87585 9.9991E-05
0.0140855 0.985815 9.9991E-05
0.0262368 0.972326 0.00143696
0.977093 0.0228068 9.9991E-05
0.915002 0.0848983 9.9991E-05
0.883097 0.112523 0.00438005
0.88753 0.11237 9.9991E-05
0.9998 9.999E-05 9.999E-05
0.90882 0.0857962 0.00538337
0.9998 9.999E-05 9.999E-05
0.0318713 0.955404 0.0127251
0.0128305 0.98707 9.9991E-05
0.951875 0.0439981 0.00412654
0.00868509 0.991215 9.9991E-05
0.0397984 0.960102 9.9991E-05
0.0750578 0.924842 9.9991E-05
0.0667382 0.933162 9.9991E-05
0.0138092 0.954929 0.0312621
0.359425 0.640475 9.9991E-05
0.0284887 0.971411 9.9991E-05
0.574999 0.114265 0.310735
0.0203486 0.00752203 0.972129
0.0479835 0.948898 0.00311869
0.0544512 0.945449 9.9991E-05
0.890648 0.109252 9.9991E-05
0.886197 0.109431 0.00437132
0.971897 0.00966791 0.0184353
0.980376 0.00189708 0.0177272
9.9991E-05 0.995859 0.0040413
0.0162085 0.983691 9.9991E-05
0.0123404 0.977245 0.0104145
0.0151541 0.984746 9.9991E-05
0.000873318 0.963146 0.0359811
0.996373 0.0035267 9.9991E-05
9.99999E-05 0.957506 0.042394
9.999E-05 0.9998 9.999E-05
0.9998 9.999E-05 9.999E-05
0.9998 9.999E-05 9.999E-05
0.0181964 0.981704 9.9991E-05
0.0545549 0.941003 0.00444238
0.0302182 0.969682 9.9991E-05
0.0302096 0.951614 0.0181765
0.875725 0.124175 9.9991E-05
0.0288827 0.9292 0.0419173
0.9998 9.999E-05 9.999E-05
9.999E-05 0.9998 9.999E-05
0.0109435 0.988957 9.9991E-05
0.0157702 0.98413 9.9991E-05
0.498944 0.492331 0.00872438
0.9998 9.999E-05 9.999E-05
0.9998 9.999E-05 9.999E-05
0.0305384 0.93837 0.0310916
0.40588 0.59402 9.99912E-05
0.162343 0.805689 0.0319683
0.467959 0.351287 0.180754
0.0119451 0.978963 0.00909168
0.0575364 0.942364 9.9991E-05
0.0290097 0.97089 9.9991E-05
0.0538826 0.946017 9.9991E-05
0.0520438 0.947856 9.9991E-05
0.0554692 0.944431 9.9991E-05
0.0478886 0.952011 9.9991E-05
0.0508341 0.949066 9.9991E-05
0.0462629 0.953637 9.9991E-05
0.0317314 0.956079 0.0121891
0.0513462 0.948554 9.9991E-05
0.056462 0.943438 9.9991E-05
0.0533469 0.942126 0.00452685
0.0431908 0.956709 9.9991E-05
0.0482351 0.949852 0.00191294
0.0481347 0.928282 0.0235838
0.0348961 0.95492 0.0101838
0.124592 0.875308 9.9991E-05
0.944888 0.0550123 9.9991E-05
0.9998 9.999E-05 9.999E-05
0.9998 9.999E-05 9.999E-05
0.0436917 0.954246 0.00206228
0.965153 0.034747 9.9991E-05
0.0696196 0.769063 0.161317
0.0369187 0.962981 9.9991E-05
0.016486 0.965922 0.0175919
0.873562 0.126338 9.9991E-05
0.722497 0.277403 9.9991E-05
9.999E-05 0.9998 9.999E-05
0.00674233 0.993158 9.9991E-05
0.0323808 0.967519 9.9991E-05
0.0412256 0.828503 0.130271
0.0482846 0.951615 9.9991E-05
0.348636 0.374274 0.27709
0.0839269 0.558263 0.35781
0.0387853 0.590532 0.370683
0.0107961 0.989104 9.9991E-05
0.0166578 0.980467 0.00287558
0.0463339 0.948886 0.00478042
0.0460134 0.953887 9.9991E-05
9.9991E-05 0.984784 0.0151155
9.9991E-05 0.935217 0.0646832
9.9991E-05 0.918825 0.0810747
9.9991E-05 0.980968 0.0189322
0.0112959 0.935232 0.0534722
0.0327737 0.893806 0.07342
0.00298851 0.94518 0.0518315
0.0121416 0.987758 9.9991E-05
0.0184576 0.981442 9.9991E-05
0.0508594 0.949041 9.9991E-05
9.999E-05 0.9998 9.999E-05
0.00260308 0.698065 0.299332
0.45188 0.334447 0.213673
0.144267 0.748006 0.107727
9.9991E-05 0.661459 0.338441
9.9991E-05 0.868817 0.131083
0.0963821 0.546919 0.356699
0.0207336 0.927326 0.0519406
0.0391629 0.954985 0.00585236
0.00958706 0.986157 0.00425565
0.0140604 0.98584 9.9991E-05
9.999E-05 0.9998 9.999E-05
0.00841101 0.988335 0.00325436
0.0102464 0.981705 0.00804825
9.9991E-05 0.872137 0.127763
9.9991E-05 0.883295 0.116605
0.0390972 0.955973 0.00493027
0.0241059 0.602671 0.373223
0.00467608 0.948028 0.0472964
0.0279564 0.971944 9.9991E-05
0.0223849 0.954911 0.0227038
0.00802055 0.991879 9.9991E-05
0.0209243 0.946579 0.0324971
9.9991E-05 0.962744 0.0371562
0.0046605 0.99524 9.9991E-05
0.0125663 0.933256 0.0541782
0.0184344 0.980277 0.00128826
0.0122435 0.976719 0.0110375
0.993114 9.9991E-05 0.00678603
0.986772 0.00893422 0.00429383
0.95973 0.0275763 0.0126937
0.9998 9.999E-05 9.999E-05
0.967835 0.0239185 0.00824618
0.768276 0.17672 0.0550036
0.927931 0.0716843 0.000385018
0.989407 0.0104928 9.9991E-05
0.980623 0.0189728 0.000404039
0.988789 0.0111112 9.9991E-05
0.94821 0.0367367 0.0150531
0.953318 0.0460392 0.000642701
0.874669 0.116303 0.00902821
0.870882 0.129018 9.9991E-05
9.999E-05 0.9998 9.999E-05
0.9998 9.999E-05 9.999E-05
0.9998 9.999E-05 9.999E-05
0.9998 9.999E-05 9.999E-05
0.790449 0.188699 0.0208514
0.823372 0.00414891 0.172479
0.935181 0.0391407 0.0256785
0.97987 9.9991E-05 0.0200301
0.882737 0.0413848 0.0758783
0.99248 0.00742037 9.9991E-05
0.991716 0.00818368 9.9991E-05
0.959124 0.040776 9.9991E-05
0.9998 9.999E-05 9.999E-05
0.9998 9.999E-05 9.999E-05
0.9998 9.999E-05 9.999E-05
0.9998 9.999E-05 9.999E-05
0.9998 9.999E-05 9.999E-05
0.9998 9.999E-05 9.999E-05
0.9998 9.999E-05 9.999E-05
0.9998 9.999E-05 9.999E-05
0.9998 9.999E-05 9.999E-05
0.9998 9.999E-05 9.999E-05
0.9998 9.999E-05 9.999E-05
0.9998 9.999E-05 9.999E-05
0.9998 9.999E-05 9.999E-05
0.955038 0.0448622 9.9991E-05
0.942725 0.0481099 0.00916535
0.9998 9.999E-05 9.999E-05
0.9998 9.999E-05 9.999E-05
0.9998 9.999E-05 9.999E-05
0.9998 9.999E-05 9.999E-05
0.9998 9.999E-05 9.999E-05
0.908505 0.0883908 0.00310432
0.901375 0.0921799 0.00644508
0.911584 0.0883163 9.9991E-05
0.958104 0.0417964 9.9991E-05
0.948389 0.051511 9.9991E-05
0.9998 9.999E-05 9.999E-05
0.969199 0.0307013 9.9991E-05
0.9998 9.999E-05 9.999E-05
0.9998 9.999E-05 9.999E-05
0.277585 0.722201 0.000214093
0.0417407 0.953376 0.00488323
0.0289838 0.970916 9.9991E-05
0.992604 9.9991E-05 0.00729606
9.9991E-05 0.0307207 0.969179
0.989616 0.0102845 9.9991E-05
0.9998 9.999E-05 9.999E-05
0.986238 0.0120032 0.00175928
0.9998 9.999E-05 9.999E-05
0.9998 9.999E-05 9.999E-05
0.9998 9.999E-05 9.999E-05
0.9998 9.999E-05 9.999E-05
0.9998 9.999E-05 9.999E-05
0.9998 9.999E-05 9.999E-05
0.992447 0.00745284 9.9991E-05
0.9998 9.999E-05 9.999E-05
0.975424 0.0244762 9.9991E-05
0.9998 9.999E-05 9.999E-05
0.9998 9.999E-05 9.999E-05
0.9998 9.999E-05 9.999E-05
0.9998 9.999E-05 9.999E-05
0.9998 9.999E-05 9.999E-05
0.9998 9.999E-05 9.999E-05
0.9998 9.999E-05 9.999E-05
0.9998 9.999E-05 9.999E-05
0.9998 9.999E-05 9.999E-05
0.9998 9.999E-05 9.999E-05
0.982838 0.00677362 0.0103887
0.9998 9.999E-05 9.999E-05
0.9998 9.999E-05 9.999E-05
0.9998 9.999E-05 9.999E-05
0.9998 9.999E-05 9.999E-05
0.9998 9.999E-05 9.999E-05
0.9998 9.999E-05 9.999E-05
0.9998 9.999E-05 9.999E-05
0.9998 9.999E-05 9.999E-05
0.9998 9.999E-05 9.999E-05
0.9998 9.999E-05 9.999E-05
0.9998 9.999E-05 9.999E-05
0.9998 9.999E-05 9.999E-05
0.9998 9.999E-05 9.999E-05
0.992192 0.00709816 0.000709482
0.9998 9.999E-05 9.999E-05
0.9998 9.999E-05 9.999E-05
0.9998 9.999E-05 9.999E-05
0.9998 9.999E-05 9.999E-05
0.9998 9.999E-05 9.999E-05
0.9998 9.999E-05 9.999E-05
0.9998 9.999E-05 9.999E-05
0.9998 9.999E-05 9.999E-05
0.9998 9.999E-05 9.999E-05
0.9998 9.999E-05 9.999E-05
0.9998 9.999E-05 9.999E-05
0.9998 9.999E-05 9.999E-05
0.9998 9.999E-05 9.999E-05
0.9998 9.999E-05 9.999E-05
0.0294027 0.969501 0.0010959
0.9998 9.999E-05 9.999E-05
0.980074 0.0198262 9.9991E-05
0.9998 9.999E-05 9.999E-05
0.9998 9.999E-05 9.999E-05
0.9998 9.999E-05 9.999E-05
0.9998 9.999E-05 9.999E-05
0.9998 9.999E-05 9.999E-05
0.9998 9.999E-05 9.999E-05
0.778884 0.165479 0.0556365
0.887004 0.084747 0.0282487
0.9998 9.999E-05 9.999E-05
0.957211 0.0426892 9.9991E-05
0.946889 0.0502932 0.00281799
0.563041 0.293847 0.143112
0.956229 0.0431051 0.000666232
0.970281 0.0296191 9.9991E-05
0.912143 0.0877573 9.9991E-05
0.911121 0.0812193 0.00765941
0.9998 9.999E-05 9.999E-05
0.9998 9.999E-05 9.999E-05
0.887721 0.102269 0.0100095
0.9998 9.999E-05 9.999E-05
0.979129 0.0207712 9.9991E-05
0.9998 9.999E-05 9.999E-05
0.948892 0.043965 0.00714266
0.0351644 0.926587 0.0382488
0.9998 9.999E-05 9.999E-05
0.9998 9.999E-05 9.999E-05
0.0443944 0.955506 9.9991E-05
0.9998 9.999E-05 9.999E-05
0.9998 9.999E-05 9.999E-05
0.9998 9.999E-05 9.999E-05
0.830126 0.154516 0.0153577
9.9991E-05 0.838371 0.161529
9.999E-05 9.999E-05 0.9998
9.999E-05 0.9998 9.999E-05
0.942884 0.00219298 0.0549233
9.9991E-05 0.907024 0.0928764
0.634163 0.140478 0.225359
0.993455 9.9991E-05 0.00644515
0.948827 0.041144 0.0100289
9.9991E-05 0.116164 0.883736
0.892224 0.0999057 0.00787024
0.0565042 0.776906 0.166589
9.9991E-05 0.976836 0.0230636
0.00839394 0.991506 9.9991E-05
9.999E-05 0.9998 9.999E-05
0.506808 0.0213893 0.471803
9.9991E-05 0.925153 0.0747467
9.9991E-05 0.811977 0.187923
9.9991E-05 0.822748 0.177152
9.999E-05 0.9998 9.999E-05
0.922779 0.0700059 0.00721476
0.0077993 0.992101 9.9991E-05
0.0138012 0.986099 9.9991E-05
9.9991E-05 0.0681157 0.931784
0.961009 0.038891 9.9991E-05
0.355 0.639608 0.00539252
0.732198 0.0894799 0.178322
0.0025595 0.94382 0.0536205
0.985889 0.0140115 9.9991E-05
9.9991E-05 0.977946 0.0219542
0.0412069 0.143006 0.815787
0.00299313 0.920128 0.0768793
0.998325 9.9991E-05 0.00157514
0.00791873 0.991981 9.9991E-05
0.00715115 0.975966 0.0168831
0.947228 0.0355108 0.0172609
0.104126 0.457763 0.438112
0.0144792 0.985421 9.9991E-05
0.730708 0.0923318 0.176961
9.9991E-05 0.979323 0.0205774
0.9998 9.999E-05 9.999E-05
0.0144564 0.00526813 0.980276
9.9991E-05 0.92665 0.0732497
0.0544299 0.939926 0.00564381
9.999E-05 9.999E-05 0.9998
0.9998 9.999E-05 9.999E-05
0.953105 0.0467952 9.9991E-05
0.0129018 0.962615 0.0244828
0.0659473 0.920063 0.0139896
0.00354475 0.996355 9.9991E-05
0.0198326 0.975997 0.0041708
9.999E-05 9.999E-05 0.9998
0.0193578 0.967167 0.0134755
0.0857635 0.861043 0.0531931
0.9998 9.999E-05 9.999E-05
0.00526292 0.994637 9.9991E-05
0.973137 0.0248881 0.00197506
0.0165686 0.958003 0.0254285
0.902635 0.0872221 0.0101434
9.9991E-05 0.997597 0.00230306
0.948488 0.0514125 9.9991E-05
0.9998 9.999E-05 9.999E-05
9.9991E-05 0.82375 0.17615
9.9991E-05 0.971189 0.0287108
9.999E-05 0.9998 9.999E-05
0.0202315 0.958145 0.0216238
9.9991E-05 0.94729 0.0526104
9.999E-05 0.9998 9.999E-05
0.00740035 0.9925 9.9991E-05
0.00648621 0.993414 9.9991E-05
0.9998 9.999E-05 9.999E-05
9.999E-05 0.9998 9.999E-05
0.985017 9.9991E-05 0.0148833
9.999E-05 0.9998 9.999E-05
9.9991E-05 0.98273 0.0171705
0.493445 0.384271 0.122284
0.999198 0.00070205 9.99911E-05
9.9991E-05 0.88276 0.11714
9.999E-05 0.9998 9.999E-05
0.985003 9.9991E-05 0.0148968
0.998513 0.00138741 9.9991E-05
9.9991E-05 0.901566 0.0983344
0.00990421 0.989996 9.9991E-05
0.0781489 0.0883028 0.833548
9.999E-05 0.9998 9.999E-05
9.9991E-05 0.878963 0.120937
0.959164 0.0407363 9.9991E-05
0.0054894 0.994411 9.9991E-05
9.9991E-05 0.833121 0.166779
9.999E-05 0.9998 9.999E-05
0.9998 9.999E-05 9.999E-05
0.9998 9.999E-05 9.999E-05
0.991909 0.00225005 0.00584045
9.9991E-05 0.998637 0.00126283
9.999E-05 0.9998 9.999E-05
0.015228 0.984672 9.9991E-05
0.991145 9.9991E-05 0.00875471
0.0746792 0.594312 0.331009
0.9998 9.999E-05 9.999E-05
0.0202982 0.975425 0.0042769
9.999E-05 0.9998 9.999E-05
0.00327681 0.996623 9.9991E-05
9.9991E-05 0.919652 0.0802482
9.9991E-05 0.982429 0.0174706
0.000538869 0.999361 9.9991E-05
9.9991E-05 0.783932 0.215968
0.962377 0.0271022 0.0105211
0.9998 9.999E-05 9.999E-05
9.9991E-05 0.887671 0.112229
0.00721267 0.905522 0.0872656
0.989477 9.9991E-05 0.0104229
0.0104777 0.989422 9.9991E-05
0.01406 0.087945 0.897995
9.999E-05 0.9998 9.999E-05
0.0139535 0.964564 0.0214822
9.9991E-05 0.842663 0.157237
0.000927507 0.0289367 0.970136
0.578356 0.0510812 0.370563
0.00681681 0.872587 0.120596
0.9998 9.999E-05 9.999E-05
9.9991E-05 0.975013 0.0248873
9.9991E-05 0.8238 0.1761
0.925862 0.0527062 0.0214314
0.9998 9.999E-05 9.999E-05
0.997444 9.9991E-05 0.00245581
9.999E-05 0.9998 9.999E-05
9.999E-05 0.9998 9.999E-05
9.999E-05 0.9998 9.999E-05
9.9991E-05 0.929142 0.0707577
0.99257 0.00732966 9.9991E-05
0.956018 0.0438816 9.9991E-05
0.9998 9.999E-05 9.999E-05
9.999E-05 0.9998 9.999E-05
0.0182904 0.875169 0.10654
9.999E-05 0.9998 9.999E-05
9.9991E-05 0.954881 0.0450191
9.9991E-05 0.789728 0.210172
0.741404 0.0849555 0.173641
0.00272437 0.997176 9.9991E-05
9.9991E-05 0.891728 0.108172
9.999E-05 9.999E-05 0.9998
9.999E-05 0.9998 9.999E-05
0.0066899 0.99321 9.9991E-05
0.00596538 0.993935 9.9991E-05
9.9991E-05 0.867894 0.132006
0.000174258 0.90989 0.089936
0.0176794 0.982221 9.9991E-05
9.9991E-05 0.857538 0.142362
0.968104 0.0310902 0.000805522
9.9991E-05 0.864122 0.135778
0.155028 0.539016 0.305957
0.0107851 0.960713 0.0285015
0.0125263 0.97762 0.00985373
0.995006 0.00489407 9.9991E-05
0.683768 0.0545979 0.261634
9.999E-05 0.9998 9.999E-05
9.9991E-05 0.856428 0.143472
0.9998 9.999E-05 9.999E-05
9.9991E-05 0.88926 0.11064
0.638819 0.150863 0.210318
9.999E-05 0.9998 9.999E-05
0.992961 0.00693901 9.9991E-05
0.986764 0.0131364 9.9991E-05
9.9991E-05 0.0124345 0.987465
0.988066 0.00869369 0.00324011
0.0797317 0.920168 9.9991E-05
0.0356657 0.580941 0.383393
9.999E-05 0.9998 9.999E-05
9.9991E-05 0.0231432 0.976757
0.00443153 0.995468 9.9991E-05
9.999E-05 0.9998 9.999E-05
0.00180642 0.922095 0.0760988
0.986817 0.0130828 9.9991E-05
0.023938 0.975962 9.9991E-05
0.00722109 0.992679 9.9991E-05
0.664283 0.106744 0.228973
0.622881 0.145468 0.231651
0.993771 9.9991E-05 0.00612874
0.121512 0.205112 0.673377
0.00945367 0.990446 9.9991E-05
0.00514273 0.990433 0.00442453
9.9991E-05 0.933217 0.0666826
9.9991E-05 0.948425 0.0514746
9.9991E-05 0.7995 0.2004
0.00676889 0.97677 0.0164609
0.9998 9.999E-05 9.999E-05
0.989375 9.9991E-05 0.010525
0.0608023 0.91676 0.0224376
9.999E-05 9.999E-05 0.9998
0.940453 0.0539261 0.00562066
9.999E-05 0.9998 9.999E-05
0.779288 0.195807 0.0249047
0.659357 0.340543 9.9991E-05
0.982456 0.0150415 0.00250248
0.294122 0.684685 0.0211928
0.946278 0.0536217 9.9991E-05
0.990866 0.00903355 9.9991E-05
0.0384422 0.958319 0.00323891
0.9998 9.999E-05 9.999E-05
0.975487 0.0190244 0.00548892
9.999E-05 0.9998 9.999E-05
9.9991E-05 0.93084 0.0690598
0.0607868 0.92041 0.0188037
9.999E-05 0.9998 9.999E-05
0.442542 0.517595 0.039863
0.0519891 0.929785 0.0182259
9.9991E-05 0.912105 0.0877948
9.9991E-05 0.918102 0.081798
0.978979 0.0209212 9.9991E-05
9.9991E-05 0.881315 0.118585
9.9991E-05 0.871024 0.128876
0.9998 9.999E-05 9.999E-05
9.999E-05 0.9998 9.999E-05
0.0101616 0.989738 9.9991E-05
0.161069 0.838831 9.9991E-05
0.00328149 0.996619 9.9991E-05
0.0169753 0.982925 9.9991E-05
9.999E-05 0.9998 9.999E-05
0.951513 0.0383048 0.0101819
0.0475468 0.948854 0.00359909
9.9991E-05 0.937635 0.0622645
0.975597 0.0243029 9.9991E-05
9.999E-05 9.999E-05 0.9998
9.999E-05 0.9998 9.999E-05
9.9991E-05 0.822713 0.177187
0.976902 0.022998 9.9991E-05
9.9991E-05 0.976195 0.0237051
9.999E-05 0.9998 9.999E-05
9.9991E-05 0.820413 0.179487
9.999E-05 0.9998 9.999E-05
9.9991E-05 0.74708 0.25282
0.0172331 0.882136 0.100631
9.9991E-05 0.882638 0.117262
9.9991E-05 0.978379 0.0215214
9.999E-05 0.9998 9.999E-05
0.95161 0.0317717 0.0166184
0.992178 9.9991E-05 0.00772251
0.9998 9.999E-05 9.999E-05
0.0125306 0.961589 0.0258807
9.999E-05 0.9998 9.999E-05
9.9991E-05 0.991917 0.00798294
9.999E-05 0.9998 9.999E-05
9.999E-05 0.9998 9.999E-05
0.0123491 0.918916 0.0687352
0.0355187 0.964381 9.9991E-05
9.9991E-05 0.880046 0.119854
0.0333994 0.936629 0.0299713
0.985137 9.9991E-05 0.0147626
0.0120272 0.879147 0.108825
0.959261 0.0331834 0.00755597
0.808599 0.0460567 0.145344
9.9991E-05 0.980194 0.0197064
0.00506669 0.994833 9.9991E-05
0.0123937 0.983187 0.00441914
0.22173 0.775903 0.00236698
9.9991E-05 0.878534 0.121366
9.999E-05 0.9998 9.999E-05
9.9991E-05 0.867068 0.132832
0.9998 9.999E-05 9.999E-05
0.59039 0.0907346 0.318876
0.0247196 0.885641 0.0896398
0.00718192 0.983384 0.00943443
0.004808 0.971723 0.0234689
0.533174 0.466726 9.9991E-05
0.0335285 0.945718 0.0207538
0.0751525 0.870341 0.0545065
0.0147399 0.956381 0.0288788
9.999E-05 0.9998 9.999E-05
9.999E-05 0.9998 9.999E-05
9.999E-05 0.9998 9.999E-05
9.999E-05 0.9998 9.999E-05
0.0184457 0.979757 0.001797
9.999E-05 0.9998 9.999E-05
0.278543 0.566049 0.155408
9.9991E-05 0.859748 0.140152
0.952312 0.0414124 0.006276
0.970334 0.0295663 9.9991E-05
9.999E-05 0.9998 9.999E-05
0.0921862 0.24817 0.659644
9.9991E-05 0.90903 0.0908701
0.888351 0.111549 9.9991E-05
9.9991E-05 0.795824 0.204076
9.9991E-05 0.923003 0.0768966
9.999E-05 0.9998 9.999E-05
0.707187 0.128506 0.164307
0.716044 0.100857 0.183099
9.9991E-05 0.935725 0.0641754
0.9998 9.999E-05 9.999E-05
0.00556344 0.947693 0.0467435
0.0386419 0.950308 0.01105
0.28166 0.647269 0.0710707
0.00377373 0.996126 9.9991E-05
9.9991E-05 0.986412 0.0134879
0.9998 9.999E-05 9.999E-05
0.022238 0.977662 9.9991E-05
9.999E-05 0.9998 9.999E-05
0.974939 0.0249612 9.9991E-05
0.0277437 0.945426 0.0268308
0.018652 0.967622 0.0137259
9.999E-05 0.9998 9.999E-05
0.0132367 0.986663 9.9991E-05
9.9991E-05 0.943158 0.0567425
0.00676385 0.993136 9.9991E-05
0.9998 9.999E-05 9.999E-05
0.9998 9.999E-05 9.999E-05
0.960678 0.0387585 0.000563592
0.439653 0.560247 9.9991E-05
0.0220145 0.954271 0.0237144
0.9998 9.999E-05 9.999E-05
0.0200638 0.979836 9.9991E-05
0.0850711 0.914829 9.9991E-05
0.0156615 0.788828 0.195511
9.9991E-05 0.899911 0.0999892
0.0206717 0.895174 0.0841547
9.9991E-05 0.905791 0.0941092
0.9998 9.999E-05 9.999E-05
9.9991E-05 0.885572 0.114328
0.0265476 0.973352 9.9991E-05
9.999E-05 0.9998 9.999E-05
9.999E-05 9.999E-05 0.9998
9.999E-05 0.9998 9.999E-05
9.999E-05 0.9998 9.999E-05
9.9991E-05 0.925657 0.0742429
9.999E-05 0.9998 9.999E-05
9.9991E-05 0.962137 0.0377626
0.972637 0.0272626 9.9991E-05
0.91537 0.0793362 0.00529381
9.999E-05 0.9998 9.999E-05
9.9991E-05 0.976304 0.0235964
0.0065578 0.707634 0.285809
0.00348859 0.996411 9.9991E-05
0.00739008 0.99251 9.9991E-05
0.0118684 0.988032 9.9991E-05
0.0129443 0.986956 9.9991E-05
0.000256113 0.990811 0.00893301
0.0181415 0.981759 9.9991E-05
9.999E-05 0.9998 9.999E-05
0.9998 9.999E-05 9.999E-05
0.00745271 0.960547 0.0320007
0.0651806 0.834302 0.100518
9.9991E-05 0.821957 0.177943
9.999E-05 0.9998 9.999E-05
9.9991E-05 0.902698 0.0972019
0.953364 0.0465365 9.9991E-05
0.9998 9.999E-05 9.999E-05
9.999E-05 9.999E-05 0.9998
0.0135039 0.9733 0.0131959
0.977006 0.0228937 9.9991E-05
0.9998 9.999E-05 9.999E-05
9.9991E-05 0.807235 0.192665
0.0282766 0.529316 0.442407
0.99135 9.9991E-05 0.00854981
9.9991E-05 0.984536 0.0153639
0.492112 0.498629 0.00925924
0.00314545 0.909613 0.0872412
0.243221 0.665289 0.0914895
9.9991E-05 0.97379 0.0261102
9.9991E-05 0.76046 0.23944
0.474301 0.525599 9.9991E-05
0.96124 0.0337527 0.00500725
9.999E-05 0.9998 9.999E-05
0.00396178 0.995938 9.9991E-05
0.9998 9.999E-05 9.999E-05
9.9991E-05 0.999367 0.000533274
9.9991E-05 0.00970784 0.990192
0.974569 0.0123621 0.0130687
9.9991E-05 0.98104 0.01886
9.9991E-05 0.989438 0.0104616
0.0134733 0.981629 0.00489751
0.00690367 0.967699 0.0253977
0.943783 0.0561166 9.9991E-05
0.67181 0.15769 0.1705
0.0236854 0.0277386 0.948576
9.999E-05 0.9998 9.999E-05
0.983133 0.0167671 9.9991E-05
9.9991E-05 0.978548 0.0213518
0.9998 9.999E-05 9.999E-05
0.470705 0.50833 0.0209652
0.9998 9.999E-05 9.999E-05
0.0126031 0.987297 9.9991E-05
0.9485 0.0364763 0.0150235
9.9991E-05 0.96028 0.0396202
0.022758 0.956025 0.0212174
9.9991E-05 0.935149 0.0647506
0.981007 0.018893 9.9991E-05
9.9991E-05 0.896997 0.102903
0.0422786 0.952643 0.00507878
0.0133965 0.97645 0.010154
0.352002 0.558233 0.0897651
0.00986262 0.753366 0.236771
0.992788 0.00711212 9.9991E-05
0.0422127 0.90177 0.0560169
0.9998 9.999E-05 9.999E-05
0.974192 0.00643188 0.0193762
9.999E-05 0.9998 9.999E-05
0.9998 9.999E-05 9.999E-05
9.9991E-05 0.908132 0.0917682
0.975664 0.0242364 9.9991E-05
9.9991E-05 0.879713 0.120187
0.00199289 0.978474 0.0195331
0.00793524 0.855503 0.136562
0.975881 0.0240187 9.9991E-05
9.9991E-05 0.997393 0.00250674
9.9991E-05 0.951383 0.0485173
9.999E-05 0.9998 9.999E-05
0.935636 0.0470016 0.0173622
0.0934494 0.906451 9.9991E-05
0.00716142 0.754869 0.237969
9.999E-05 0.9998 9.999E-05
0.0146871 0.985213 9.9991E-05
0.0193525 0.980548 9.9991E-05
0.0305935 0.969306 9.9991E-05
9.9991E-05 0.995882 0.0040177
9.9991E-05 0.998076 0.00182406
0.410117 0.563377 0.0265065
0.581954 0.0882639 0.329782
9.9991E-05 0.989649 0.0102512
0.0201426 0.880913 0.0989441
0.00764909 0.992251 9.9991E-05
9.9991E-05 0.967975 0.0319252
0.0240522 0.944395 0.0315525
0.0158036 9.9991E-05 0.984096
9.9991E-05 0.917983 0.0819175
0.982183 0.0148933 0.00292362
9.9991E-05 0.923611 0.0762887
9.9991E-05 0.977647 0.0222528
9.9991E-05 0.973578 0.0263219
9.999E-05 9.999E-05 0.9998
0.664872 0.0913017 0.243827
0.0263138 0.917018 0.056668
0.12671 9.9991E-05 0.87319
0.0395353 0.927468 0.0329971
0.0584372 0.0786644 0.862898
0.385173 0.416558 0.198269
9.9991E-05 0.0138999 0.986
9.999E-05 0.9998 9.999E-05
0.702481 0.134768 0.162752
0.0497162 0.930632 0.0196523
9.9991E-05 0.973021 0.0268788
0.934195 0.0570392 0.00876611
0.0082302 0.99167 9.9991E-05
9.9991E-05 0.380169 0.619731
9.9991E-05 0.990828 0.00907175
9.999E-05 0.9998 9.999E-05
0.9998 9.999E-05 9.999E-05
9.999E-05 0.9998 9.999E-05
0.9998 9.999E-05 9.999E-05
0.9998 9.999E-05 9.999E-05
0.9998 9.999E-05 9.999E-05
0.0141408 0.985759 9.9991E-05
0.0196878 0.97918 0.00113245
0.0263963 0.973504 9.9991E-05
9.9991E-05 0.871823 0.128077
0.0225835 0.962455 0.0149615
0.9998 9.999E-05 9.999E-05
0.9998 9.999E-05 9.999E-05
0.0292748 0.677573 0.293153
0.0109714 0.97335 0.0156783
9.9991E-05 0.66227 0.33763
0.133103 0.51634 0.350557
0.9998 9.999E-05 9.999E-05
0.9998 9.999E-05 9.999E-05
0.0256064 0.958932 0.0154616
0.9998 9.999E-05 9.999E-05
0.255623 0.744277 9.9991E-05
0.9998 9.999E-05 9.999E-05
0.9998 9.999E-05 9.999E-05
0.9998 9.999E-05 9.999E-05
0.9998 9.999E-05 9.999E-05
0.0200613 0.446523 0.533416
0.9998 9.999E-05 9.999E-05
0.302859 0.0142389 0.682903
0.935071 0.0648289 9.9991E-05
0.9998 9.999E-05 9.999E-05
9.9991E-05 0.933678 0.0662223
0.107154 0.81431 0.0785357
0.952677 0.0472227 9.9991E-05
9.9991E-05 0.998173 0.00172674
0.9998 9.999E-05 9.999E-05
0.9998 9.999E-05 9.999E-05
0.9998 9.999E-05 9.999E-05
0.33489 0.487794 0.177317
0.315282 0.684618 9.9991E-05
0.0168962 0.957663 0.0254404
9.9991E-05 0.935479 0.0644213
9.9991E-05 0.88642 0.11348
0.0110789 0.875535 0.113386
0.9998 9.999E-05 9.999E-05
0.9998 9.999E-05 9.999E-05
0.293062 0.655269 0.0516688
0.990756 0.00914362 9.9991E-05
0.0162012 0.0353109 0.948488
9.9991E-05 0.852517 0.147383
9.9991E-05 0.993358 0.00654161
0.9998 9.999E-05 9.999E-05
0.0067369 0.963364 0.0298994
0.9998 9.999E-05 9.999E-05
0.9998 9.999E-05 9.999E-05
0.9998 9.999E-05 9.999E-05
0.9998 9.999E-05 9.999E-05
0.9998 9.999E-05 9.999E-05
0.999212 9.9991E-05 0.000687618
9.999E-05 0.9998 9.999E-05
9.9991E-05 0.957627 0.0422735
0.0774763 0.922424 9.9991E-05
0.000163076 0.999737 9.9991E-05
0.0555345 0.92376 0.020705
0.000920601 0.942357 0.0567227
0.905795 0.0822921 0.0119125
0.962158 0.0345333 0.00330848
9.9991E-05 0.889299 0.110601
9.9991E-05 0.983559 0.0163414
0.9998 9.999E-05 9.999E-05
0.470486 0.51011 0.0194042
0.0070932 0.992807 9.9991E-05
9.9991E-05 0.868542 0.131358
0.866848 0.0176668 0.115485
9.999E-05 0.9998 9.999E-05
0.9998 9.999E-05 9.999E-05
9.999E-05 9.999E-05 0.9998
0.9998 9.999E-05 9.999E-05
0.000517549 0.999382 9.9991E-05
9.9991E-05 0.981149 0.0187514
0.00498925 0.965838 0.0291727
9.9991E-05 0.820285 0.179615
0.9998 9.999E-05 9.999E-05
0.012764 0.987136 9.9991E-05
0.657072 0.0582158 0.284712
0.9998 9.999E-05 9.999E-05
9.9991E-05 0.977974 0.0219256
9.999E-05 0.9998 9.999E-05
0.93452 0.0653805 9.9991E-05
0.9998 9.999E-05 9.999E-05
0.0731567 0.926743 9.9991E-05
0.00675847 0.976778 0.0164637
0.028518 0.971382 9.9991E-05
0.0107345 0.989166 9.9991E-05
9.9991E-05 0.911506 0.0883937
0.9998 9.999E-05 9.999E-05
0.0207668 0.979133 9.9991E-05
0.12829 9.9991E-05 0.87161
0.857945 0.00326448 0.138791
0.0620804 0.664458 0.273462
0.0338914 0.616285 0.349823
0.654226 0.0587442 0.28703
0.00131679 0.998583 9.9991E-05
0.223355 0.70702 0.0696247
0.0464975 0.953403 9.9991E-05
0.968608 0.031292 9.9991E-05
9.9991E-05 0.969325 0.0305748
9.9991E-05 0.984801 0.0150989
0.0244913 0.975409 9.9991E-05
0.00965886 0.743699 0.246643
9.9991E-05 0.820435 0.179465
0.9998 9.999E-05 9.999E-05
0.124226 0.863823 0.0119508
0.993724 9.9991E-05 0.00617565
0.9998 9.999E-05 9.999E-05
0.9998 9.999E-05 9.999E-05
0.875722 0.0807069 0.0435715
0.995651 0.00359726 0.000751424
0.953511 0.0463893 9.9991E-05
0.938401 0.0614988 9.9991E-05
0.942795 0.0571048 9.9991E-05
0.929305 0.0705954 9.9991E-05
0.936201 0.0636987 9.9991E-05
0.958751 0.0411494 9.9991E-05
0.92775 0.0721497 9.9991E-05
9.9991E-05 0.979588 0.0203116
0.939196 0.0607037 9.9991E-05
0.939473 0.060427 9.9991E-05
0.932752 0.067148 9.9991E-05
0.957497 0.0424025 9.9991E-05
0.9998 9.999E-05 9.999E-05
0.9998 9.999E-05 9.999E-05
0.9998 9.999E-05 9.999E-05
0.9998 9.999E-05 9.999E-05
0.9998 9.999E-05 9.999E-05
0.925964 0.0739357 9.9991E-05
0.946996 0.0529041 9.9991E-05
0.9998 9.999E-05 9.999E-05
0.963951 0.0333103 0.00273862
0.00721722 0.674097 0.318686
0.0872909 0.857934 0.054775
0.00317187 0.996728 9.9991E-05
0.9998 9.999E-05 9.999E-05
0.0245642 0.975336 9.9991E-05
0.0820689 0.552008 0.365923
0.9998 9.999E-05 9.999E-05
0.9998 9.999E-05 9.999E-05
0.0188214 0.960272 0.0209065
9.999E-05 0.9998 9.999E-05
9.999E-05 0.9998 9.999E-05
0.00859113 0.964949 0.0264603
0.0127147 0.0911258 0.896159
9.999E-05 0.9998 9.999E-05
0.974942 0.0222815 0.00277679
0.00959974 0.9903 9.9991E-05
0.136408 0.794726 0.0688659
0.00853503 0.991365 9.9991E-05
0.9998 9.999E-05 9.999E-05
0.000291522 0.971317 0.0283912
9.999E-05 0.9998 9.999E-05
0.0045482 0.995352 9.9991E-05
0.0453694 0.954531 9.9991E-05
0.9998 9.999E-05 9.999E-05
0.016829 0.983071 9.9991E-05
0.036954 0.934447 0.0285992
9.999E-05 0.9998 9.999E-05
0.0286263 0.971274 9.9991E-05
0.0265508 0.933928 0.0395211
0.0151136 0.984786 9.9991E-05
0.933659 0.0533428 0.0129984
0.00322719 0.987794 0.00897836
0.0159642 0.982031 0.00200482
0.0146618 0.985238 9.9991E-05
0.00172339 0.973761 0.0245159
0.0396838 0.957343 0.00297337
0.971855 0.0280451 9.9991E-05
0.0321212 0.958476 0.00940251
9.9991E-05 0.982648 0.0172522
0.0128277 0.976481 0.0106911
0.0128367 0.975783 0.01138
0.0301828 0.96323 0.00658741
0.9998 9.999E-05 9.999E-05
0.068921 0.930979 9.9991E-05
0.0818823 0.918018 9.9991E-05
0.9998 9.999E-05 9.999E-05
0.0187508 0.978461 0.00278842
0.168878 0.814806 0.0163159
0.170644 0.829256 9.9991E-05
0.00953779 0.990362 9.9991E-05
0.7661 0.2338 9.9991E-05
0.0467894 0.953111 9.9991E-05
0.0492867 0.950613 9.9991E-05
9.999E-05 0.9998 9.999E-05
0.0699121 0.929988 9.9991E-05
0.10158 0.89832 9.9991E-05
0.0167183 0.980356 0.00292558
