0.085975 9.9982E-05 9.9982E-05 0.913825
0.0349754 9.9982E-05 9.9982E-05 0.964825
9.9982E-05 0.0163985 9.9982E-05 0.983402
9.998E-05 9.998E-05 9.998E-05 0.9997
9.998E-05 9.998E-05 9.998E-05 0.9997
0.9997 9.998E-05 9.998E-05 9.998E-05
0.968476 9.9982E-05 0.0313244 9.9982E-05
9.998E-05 9.998E-05 9.998E-05 0.9997
0.974818 9.9991E-05 0.0118508 0.0132315
0.968864 0.0022164 0.0159067 0.013013
0.875557 9.9982E-05 0.124243 9.9982E-05
0.849672 0.00490597 0.103075 0.0423463
0.842223 0.0177568 0.00368884 0.136332
0.22453 9.9991E-05 0.0026101 0.77276
0.984391 9.9991E-05 0.0105519 0.00495681
9.998E-05 9.998E-05 9.998E-05 0.9997
9.998E-05 9.998E-05 9.998E-05 0.9997
0.0214481 0.0168507 9.9991E-05 0.961601
0.980595 0.00697044 0.00681083 0.00562341
0.559781 0.0347672 9.9991E-05 0.405351
0.951048 9.9991E-05 0.00880946 0.040043
0.199363 9.9991E-05 0.00478633 0.79575
0.960292 0.000138602 0.0147591 0.0248108
0.0486951 0.0815247 9.9991E-05 0.86968
0.875723 9.9982E-05 0.124077 9.9982E-05
0.978078 0.0150931 9.9991E-05 0.00672934
0.958754 0.000708821 0.0148426 0.0256947
0.874185 0.00187304 0.0112376 0.112704
0.969526 0.00993177 0.0204422 9.9991E-05
0.910451 9.9982E-05 0.0893489 9.9982E-05
0.976934 9.9982E-05 0.0228661 9.9982E-05
0.976771 9.9991E-05 0.00141972 0.0217095
9.998E-05 9.998E-05 9.998E-05 0.9997
0.897975 0.0291055 0.00718156 0.0657379
9.9982E-05 0.0323268 9.9982E-05 0.967473
0.230654 9.9991E-05 0.00634794 0.762898
0.000919729 9.9982E-05 9.9982E-05 0.99888
0.660562 0.00721374 9.9991E-05 0.332124
0.985708 9.9982E-05 0.014092 9.9982E-05
0.0041475 0.00233931 0.0139739 0.979539
0.767785 0.202083 9.9991E-05 0.0300318
9.998E-05 9.998E-05 9.998E-05 0.9997
9.998E-05 9.998E-05 9.998E-05 0.9997
0.468689 0.00594139 9.9991E-05 0.525269
0.95502 0.00827806 0.036602 9.9991E-05
0.159444 0.0440184 0.70606 0.0904774
0.960842 9.9991E-05 0.0105391 0.0285189
0.612663 9.9991E-05 0.37288 0.0143568
0.148177 0.00833582 0.00333952 0.840148
0.00968725 0.0112557 0.000206253 0.978851
0.16643 9.9991E-05 0.00193518 0.831535
0.0120991 9.9982E-05 9.9982E-05 0.987701
0.0186086 9.9982E-05 9.9982E-05 0.981191
0.975681 9.9991E-05 0.00153317 0.0226858
0.967172 9.9991E-05 0.014996 0.0177319
0.994276 9.9982E-05 9.9982E-05 0.00552447
0.993463 9.9982E-05 9.9982E-05 0.00633684
0.967793 9.9991E-05 0.00550989 0.0265973
0.975126 0.000319634 9.9991E-05 0.0244544
0.966417 9.9991E-05 0.0136101 0.0198732
0.983922 0.000909098 9.9991E-05 0.0150685
9.998E-05 9.998E-05 9.998E-05 0.9997
0.997243 9.9982E-05 9.9982E-05 0.00255722
9.998E-05 9.998E-05 9.998E-05 0.9997
0.0602925 9.9991E-05 0.00379993 0.935808
0.000806023 9.9991E-05 0.00128628 0.997808
0.023071 9.9982E-05 9.9982E-05 0.976729
0.826079 0.0167214 0.00275857 0.154441
0.960879 0.024817 0.000950667 0.0133535
0.948947 9.9982E-05 9.9982E-05 0.0508533
0.95592 0.0105803 9.9991E-05 0.0333993
0.975357 0.0143777 9.9991E-05 0.0101651
0.0460213 9.9982E-05 9.9982E-05 0.953779
0.982521 9.9991E-05 0.0171999 0.000179527
0.96265 0.0125508 9.9991E-05 0.0246992
0.955552 9.9982E-05 9.9982E-05 0.044248
0.997049 9.9982E-05 9.9982E-05 0.00275105
0.36284 9.9982E-05 9.9982E-05 0.63696
0.981775 9.9982E-05 9.9982E-05 0.0180253
0.39482 0.00124973 9.9991E-05 0.60383
0.928231 0.0185352 0.0504097 0.00282358
0.897647 0.0290153 0.00723389 0.0661038
0.938517 0.0039027 0.0175976 0.0399828
0.897204 0.00854616 0.0549725 0.0392772
0.898529 9.9991E-05 0.0870421 0.0143289
0.978422 9.9982E-05 9.9982E-05 0.0213784
0.898167 9.9991E-05 0.0390205 0.0627124
0.963696 0.0118455 0.0191806 0.00527759
0.994303 9.9991E-05 0.00270588 0.00289145
0.979279 9.9991E-05 0.00291939 0.0177013
0.982114 9.9991E-05 0.0160083 0.00177806
9.998E-05 9.998E-05 9.998E-05 0.9997
0.286986 0.000841636 9.9991E-05 0.712072
9.998E-05 9.998E-05 9.998E-05 0.9997
0.0763245 9.9991E-05 0.00455381 0.919022
0.991163 9.9982E-05 9.9982E-05 0.00863723
0.950572 0.00445909 9.9991E-05 0.0448685
0.97569 0.00044283 0.016436 0.00743145
0.995934 0.00105248 0.000534763 0.00247893
0.923629 0.00405067 0.056923 0.0153975
0.0248124 9.9991E-05 0.0151009 0.959987
0.0307136 9.9982E-05 9.9982E-05 0.969086
0.0147841 9.9982E-05 9.9982E-05 0.985016
0.987909 9.9982E-05 9.9982E-05 0.0118908
0.984748 9.9982E-05 9.9982E-05 0.0150523
0.984039 9.9982E-05 9.9982E-05 0.0157607
0.98677 9.9982E-05 9.9982E-05 0.01303
0.952997 9.9982E-05 0.0468033 9.9982E-05
0.00269574 9.9982E-05 9.9982E-05 0.997104
0.964177 9.9982E-05 9.9982E-05 0.0356235
0.969608 9.9982E-05 9.9982E-05 0.0301923
0.984339 9.9982E-05 9.9982E-05 0.0154612
0.985588 9.9982E-05 9.9982E-05 0.0142119
9.998E-05 9.998E-05 9.998E-05 0.9997
0.9471 9.9982E-05 9.9982E-05 0.0527004
0.395129 9.9982E-05 9.9982E-05 0.604671
0.960776 9.9982E-05 9.9982E-05 0.0390245
0.946374 9.9982E-05 9.9982E-05 0.0534261
0.948816 9.9982E-05 9.9982E-05 0.0509839
0.815582 9.9982E-05 9.9982E-05 0.184218
0.963348 9.9982E-05 9.9982E-05 0.0364519
0.91566 0.00474054 0.00349408 0.0761054
0.94871 0.0259965 0.00378821 0.0215054
0.85924 0.0299516 9.9991E-05 0.110708
0.887489 9.9991E-05 0.0560052 0.0564059
9.9982E-05 0.0220386 9.9982E-05 0.977761
0.95218 0.0116535 0.0025253 0.0336407
9.998E-05 9.998E-05 9.998E-05 0.9997
0.939513 9.9982E-05 9.9982E-05 0.0602866
0.916781 0.00107013 0.0145773 0.0675712
0.88761 0.0284893 9.9991E-05 0.0838003
0.976297 9.9982E-05 9.9982E-05 0.0235032
0.529538 9.9982E-05 9.9982E-05 0.470262
0.355001 9.9982E-05 9.9982E-05 0.644799
0.304626 9.9982E-05 9.9982E-05 0.695174
0.0978428 0.0056035 0.004476 0.892078
0.860422 0.00254673 0.0190737 0.117957
0.98572 9.9982E-05 9.9982E-05 0.0140803
0.911597 9.9991E-05 0.00199005 0.0863132
0.00826664 0.0115036 9.9991E-05 0.98013
0.984567 9.9982E-05 9.9982E-05 0.0152335
0.930496 9.9982E-05 9.9982E-05 0.0693044
0.977062 0.00986516 9.9991E-05 0.0129732
0.381935 0.0119478 0.0179654 0.588152
0.911399 0.00988104 9.9991E-05 0.0786195
0.0665857 9.9982E-05 9.9982E-05 0.933214
0.868656 0.00479282 0.00836434 0.118187
0.981273 9.9991E-05 0.0024539 0.016173
0.981016 9.9982E-05 9.9982E-05 0.0187844
0.579291 0.00798694 9.9991E-05 0.412622
0.968296 9.9982E-05 9.9982E-05 0.0315045
9.998E-05 9.998E-05 9.998E-05 0.9997
9.998E-05 9.998E-05 9.998E-05 0.9997
9.998E-05 9.998E-05 9.998E-05 0.9997
0.920141 9.9991E-05 0.0361046 0.0436539
0.182055 9.9991E-05 0.759403 0.058442
0.959398 0.00783813 0.0119048 0.0208586
9.998E-05 9.998E-05 9.998E-05 0.9997
9.998E-05 9.998E-05 9.998E-05 0.9997
0.00353349 9.9982E-05 9.9982E-05 0.996267
9.998E-05 9.998E-05 9.998E-05 0.9997
9.998E-05 9.998E-05 9.998E-05 0.9997
9.998E-05 9.998E-05 9.998E-05 0.9997
0.588608 0.151922 0.0460531 0.213417
0.802367 9.9991E-05 0.0239062 0.173627
9.998E-05 9.998E-05 9.998E-05 0.9997
0.980666 9.9982E-05 0.019134 9.9982E-05
0.964596 9.9982E-05 9.9982E-05 0.0352039
9.998E-05 9.998E-05 9.998E-05 0.9997
9.998E-05 9.998E-05 9.998E-05 0.9997
0.897431 0.0193169 0.0124861 0.0707664
0.945022 9.9991E-05 0.0500207 0.00485773
0.871158 9.9991E-05 0.113787 0.014956
9.9982E-05 0.0448114 9.9982E-05 0.954989
9.9982E-05 0.0727017 9.9982E-05 0.927098
0.00506182 0.0573663 9.9991E-05 0.937472
0.0287554 9.9982E-05 9.9982E-05 0.971045
0.485752 9.9991E-05 0.10318 0.410968
0.982481 9.9982E-05 9.9982E-05 0.0173191
0.993841 9.9982E-05 9.9982E-05 0.0059595
0.970248 0.0197648 9.9991E-05 0.0098872
0.0454132 0.0511445 9.9991E-05 0.903342
0.961641 9.9982E-05 0.0381593 9.9982E-05
0.957751 9.9991E-05 0.021213 0.0209356
0.0157642 0.00414931 0.00142858 0.978658
0.952984 9.9991E-05 0.0228126 0.0241032
0.934023 9.9982E-05 9.9982E-05 0.0657773
0.911904 0.012199 0.0141071 0.06179
0.940685 0.00578499 0.0233613 0.0301684
9.998E-05 9.998E-05 9.998E-05 0.9997
9.9982E-05 0.0336975 9.9982E-05 0.966103
0.94264 0.0237843 0.00628272 0.027293
0.991105 9.9991E-05 0.00276252 0.00603267
0.935444 9.9991E-05 0.0304147 0.0340414
0.0500552 0.00151616 0.0205188 0.92791
0.971748 9.9991E-05 0.0105003 0.0176514
0.990017 9.9982E-05 9.9982E-05 0.00978297
9.998E-05 9.998E-05 9.998E-05 0.9997
0.914744 0.000751704 0.0423148 0.0421893
0.984131 9.9982E-05 9.9982E-05 0.0156688
9.998E-05 9.998E-05 9.998E-05 0.9997
0.979507 9.9991E-05 0.00713646 0.0132567
0.608215 0.0195031 0.367263 0.00501965
0.950287 0.00369467 0.0243535 0.0216649
0.00422869 9.9991E-05 0.00449416 0.991177
0.930068 0.00829071 0.0333763 0.0282646
9.998E-05 9.998E-05 9.998E-05 0.9997
9.998E-05 9.998E-05 9.998E-05 0.9997
0.862955 9.9991E-05 0.0111174 0.125827
9.9982E-05 0.0175493 9.9982E-05 0.982251
0.942506 0.00184993 0.0210401 0.0346042
9.9982E-05 0.00295143 9.9982E-05 0.996849
0.959388 9.9991E-05 0.0203598 0.0201523
0.97028 0.00197589 9.9991E-05 0.0276443
0.957567 9.9991E-05 0.0383298 0.00400328
0.981862 9.9982E-05 9.9982E-05 0.0179377
0.0104422 9.9982E-05 9.9982E-05 0.989358
9.998E-05 9.998E-05 9.998E-05 0.9997
0.94584 0.00677623 9.9991E-05 0.047284
0.957271 0.00237407 0.0225086 0.0178461
9.998E-05 9.998E-05 9.998E-05 0.9997
9.9982E-05 0.0299069 9.9982E-05 0.969893
0.908051 9.9991E-05 0.00907483 0.0827744
0.160764 9.9991E-05 0.782854 0.0562814
0.926094 9.9991E-05 0.0180719 0.0557344
9.998E-05 9.998E-05 9.998E-05 0.9997
0.948204 9.9991E-05 0.0371062 0.0145898
0.979883 0.00501183 0.00916333 0.00594222
0.981794 9.9991E-05 0.00470275 0.0134031
0.984954 9.9982E-05 9.9982E-05 0.0148457
9.998E-05 9.998E-05 9.998E-05 0.9997
0.922595 0.0134772 0.0138302 0.0500972
0.94978 9.9991E-05 0.00961568 0.0405048
0.948978 9.9991E-05 0.0106116 0.0403105
0.945164 9.9991E-05 0.0160847 0.0386513
9.998E-05 9.998E-05 9.998E-05 0.9997
0.962642 9.9991E-05 0.0144205 0.0228375
0.953651 0.00377315 0.0190463 0.0235291
0.994595 0.00520478 9.99873E-05 9.99873E-05
9.998E-05 9.998E-05 9.998E-05 0.9997
0.978088 9.9982E-05 9.9982E-05 0.0217116
0.963918 0.0222926 0.0033752 0.0104145
9.9982E-05 0.0691424 9.9982E-05 0.930658
0.984674 9.9982E-05 9.9982E-05 0.0151258
0.903368 0.00617617 0.0718625 0.0185936
9.998E-05 9.998E-05 9.998E-05 0.9997
0.971274 9.9982E-05 9.9982E-05 0.0285255
0.989127 9.9991E-05 0.0063997 0.00437369
0.536142 0.00769987 9.9991E-05 0.456058
0.86904 0.0131772 9.9991E-05 0.117683
0.426094 9.9982E-05 9.9982E-05 0.573706
0.933177 9.9982E-05 9.9982E-05 0.0666231
0.972744 9.9982E-05 9.9982E-05 0.0270562
0.937749 0.00251533 9.9991E-05 0.0596357
0.389199 0.000796677 9.9991E-05 0.609905
0.910111 9.9991E-05 0.0204804 0.0693087
0.704283 9.9991E-05 0.0378989 0.257718
9.998E-05 9.998E-05 9.998E-05 0.9997
0.81073 0.0187798 9.9991E-05 0.17039
0.0344664 9.9982E-05 9.9982E-05 0.965334
0.977238 9.9982E-05 9.9982E-05 0.0225618
0.943072 9.9991E-05 0.00278272 0.0540457
0.96582 9.9982E-05 9.9982E-05 0.0339799
0.944568 0.00201382 9.9991E-05 0.0533185
0.9997 9.998E-05 9.998E-05 9.998E-05
0.962728 9.9982E-05 9.9982E-05 0.0370724
0.9997 9.998E-05 9.998E-05 9.998E-05
0.87746 9.9982E-05 0.12234 9.9982E-05
0.9997 9.998E-05 9.998E-05 9.998E-05
0.935576 0.00481344 0.0521342 0.00747613
0.995476 0.00432376 9.9982E-05 9.9982E-05
0.885625 9.9982E-05 9.9982E-05 0.114176
0.478892 0.0103581 9.9991E-05 0.51065
0.941955 9.9982E-05 9.9982E-05 0.0578453
0.977436 9.9991E-05 0.00676432 0.0157
0.182046 0.13108 0.00795944 0.678915
0.992503 9.9982E-05 0.00729692 9.9982E-05
0.943683 0.0167601 0.039457 9.9991E-05
0.9997 9.998E-05 9.998E-05 9.998E-05
0.973042 9.9991E-05 0.00848043 0.018378
0.965897 9.9982E-05 9.9982E-05 0.0339035
0.975844 9.9991E-05 0.0122856 0.01177
0.987422 0.00426076 0.00821723 9.9991E-05
0.9997 9.998E-05 9.998E-05 9.998E-05
0.477125 0.48267 0.0401049 9.9991E-05
9.998E-05 9.998E-05 9.998E-05 0.9997
0.955329 9.9982E-05 9.9982E-05 0.0444714
0.354452 0.00300854 9.9991E-05 0.642439
0.99041 9.9991E-05 0.0079446 0.00154514
0.844083 0.0037451 0.00819839 0.143974
0.986597 0.000189505 9.9991E-05 0.0131138
0.9997 9.998E-05 9.998E-05 9.998E-05
0.995075 9.9982E-05 9.9982E-05 0.0047254
0.997411 9.9982E-05 9.9982E-05 0.00238904
9.998E-05 9.998E-05 9.998E-05 0.9997
0.134023 9.9991E-05 0.0014808 0.864397
9.998E-05 9.998E-05 9.998E-05 0.9997
9.9982E-05 0.99322 0.00657999 9.9982E-05
0.867899 0.0503626 0.00902503 0.0727134
0.946956 0.00670593 0.0211832 0.0251544
9.9991E-05 0.0177494 0.965693 0.0164573
0.932593 0.00578386 9.9991E-05 0.0615234
9.998E-05 0.9997 9.998E-05 9.998E-05
9.998E-05 0.9997 9.998E-05 9.998E-05
9.9982E-05 0.996935 9.9982E-05 0.0028651
0.987145 0.0119085 9.9991E-05 0.000846477
0.649056 0.331401 9.9991E-05 0.0194428
0.989028 0.010772 9.9982E-05 9.9982E-05
0.9997 9.998E-05 9.998E-05 9.998E-05
0.191275 0.698624 0.110001 9.9991E-05
0.999012 9.9982E-05 9.9982E-05 0.000788287
9.998E-05 9.998E-05 9.998E-05 0.9997
0.974078 9.9991E-05 0.00601535 0.019807
0.962688 0.00115893 0.0218053 0.0143481
0.0399774 9.9982E-05 9.9982E-05 0.959823
9.998E-05 9.998E-05 9.998E-05 0.9997
0.986646 0.00713171 0.00607378 0.000148864
0.9997 9.998E-05 9.998E-05 9.998E-05
0.980088 9.9982E-05 9.9982E-05 0.0197117
0.9997 9.998E-05 9.998E-05 9.998E-05
0.997636 9.9982E-05 9.9982E-05 0.00216356
0.976956 0.00984314 0.00882591 0.00437489
0.974304 9.9982E-05 9.9982E-05 0.0254958
0.977087 9.9982E-05 9.9982E-05 0.0227134
0.965701 9.9991E-05 0.0176679 0.0165316
0.908456 0.014657 0.0134363 0.0634508
0.799675 9.9991E-05 0.00881719 0.191408
0.953347 9.9991E-05 0.0101381 0.0364148
0.973996 9.9982E-05 9.9982E-05 0.025804
0.946003 0.00992482 0.00544857 0.0386233
0.994731 0.00176669 0.0034024 9.9991E-05
0.985712 9.9982E-05 0.0140882 9.9982E-05
0.9997 9.998E-05 9.998E-05 9.998E-05
0.751718 9.9982E-05 0.248082 9.9982E-05
0.834709 9.9982E-05 0.165091 9.9982E-05
0.795159 9.9991E-05 0.00514564 0.199596
0.953862 0.0114336 0.00809549 0.0266086
0.983267 0.000116345 0.00366705 0.0129491
0.582073 9.9991E-05 0.150634 0.267193
9.998E-05 0.9997 9.998E-05 9.998E-05
0.00303739 0.0728243 9.9991E-05 0.924038
0.9997 9.998E-05 9.998E-05 9.998E-05
0.431143 9.9991E-05 0.554377 0.0143795
0.0548098 9.9991E-05 0.030875 0.914215
9.9991E-05 0.904876 0.0220982 0.0729256
9.9982E-05 0.0424669 9.9982E-05 0.957333
9.9991E-05 0.571171 0.190932 0.237797
9.9982E-05 0.0810032 9.9982E-05 0.918797
0.99529 9.9982E-05 9.9982E-05 0.00451029
0.84352 9.9991E-05 0.0440479 0.112333
9.998E-05 9.998E-05 9.998E-05 0.9997
0.981826 9.9991E-05 0.00866302 0.00941063
0.962731 0.00862302 0.0252298 0.00341584
0.986817 9.9982E-05 9.9982E-05 0.0129832
0.863889 0.00866674 0.0172165 0.110228
0.947737 9.9991E-05 0.0177534 0.0344094
0.942485 0.00645113 0.00421057 0.0468535
0.959878 9.9991E-05 0.0168326 0.0231894
0.871317 0.00194039 0.00862217 0.11812
0.972656 9.9982E-05 9.9982E-05 0.0271443
0.950612 9.9991E-05 0.0126515 0.0366368
0.997271 9.9982E-05 9.9982E-05 0.00252869
0.0679267 0.115733 9.9991E-05 0.81624
0.836061 0.0018704 0.0999739 0.0620943
0.973721 0.00165904 0.00597218 0.0186479
9.9982E-05 0.0476023 9.9982E-05 0.952198
0.935757 0.000537782 9.9991E-05 0.0636055
0.938862 0.000141784 0.00411371 0.056882
0.140862 9.9991E-05 0.00495725 0.854081
0.0609632 9.9991E-05 0.0309109 0.908026
9.998E-05 9.998E-05 9.998E-05 0.9997
0.9997 9.998E-05 9.998E-05 9.998E-05
9.998E-05 9.998E-05 9.998E-05 0.9997
9.998E-05 0.9997 9.998E-05 9.998E-05
0.991008 0.00266026 0.00441823 0.00191385
0.960826 9.9982E-05 9.9982E-05 0.0389739
0.966072 0.0116013 0.022227 9.9991E-05
0.987033 0.0127668 9.9982E-05 9.9982E-05
0.955456 0.0117999 0.0270282 0.00571602
9.9982E-05 0.884578 0.115222 9.9982E-05
0.980168 9.9982E-05 9.9982E-05 0.0196321
0.00634355 0.072903 0.0104036 0.91035
0.9997 9.998E-05 9.998E-05 9.998E-05
0.873988 9.9991E-05 0.103513 0.0223992
0.9997 9.998E-05 9.998E-05 9.998E-05
0.798408 0.00246714 0.199025 9.9991E-05
0.9997 9.998E-05 9.998E-05 9.998E-05
0.78758 0.00417123 0.208149 9.9991E-05
0.9997 9.998E-05 9.998E-05 9.998E-05
0.731109 0.01415 0.254641 9.9991E-05
0.934045 0.0154099 0.0231272 0.0274175
0.975491 9.9982E-05 9.9982E-05 0.0243093
9.998E-05 9.998E-05 9.998E-05 0.9997
0.98645 0.000133844 9.9991E-05 0.0133159
0.0734216 0.0140332 0.000351414 0.912194
0.976104 9.9991E-05 0.0101505 0.0136453
0.948157 0.000780037 0.00807523 0.0429876
0.627489 0.0119666 9.9991E-05 0.360445
9.998E-05 9.998E-05 9.998E-05 0.9997
0.00584445 9.9982E-05 9.9982E-05 0.993956
0.0508392 9.9982E-05 9.9982E-05 0.948961
0.0244414 0.0551332 9.9991E-05 0.920325
0.940707 9.9982E-05 9.9982E-05 0.0590932
0.94283 9.9991E-05 0.0518149 0.00525466
0.002973 0.0601998 9.9991E-05 0.936727
0.984946 9.9982E-05 9.9982E-05 0.0148544
0.924509 0.0358188 0.0300025 0.00966944
0.95458 0.000596611 0.00130359 0.0435202
0.354795 9.9982E-05 0.645005 9.9982E-05
0.549467 0.0121602 0.404736 0.0336373
0.990003 9.9991E-05 0.00528153 0.00461499
0.971109 9.9982E-05 9.9982E-05 0.0286914
0.961869 9.9982E-05 9.9982E-05 0.0379312
0.986332 0.00197284 9.9991E-05 0.0115948
0.94766 0.0268888 0.0228368 0.00261468
0.972511 9.9982E-05 9.9982E-05 0.0272892
0.70239 9.9991E-05 0.28072 0.0167902
0.94387 0.0251983 0.00574991 0.0251821
0.946522 0.0246403 0.00108986 0.0277479
0.9997 9.998E-05 9.998E-05 9.998E-05
9.9982E-05 0.0665906 9.9982E-05 0.933209
0.511049 0.0300197 9.9991E-05 0.458831
0.331097 0.0583475 9.9991E-05 0.610455
0.939237 9.9982E-05 9.9982E-05 0.0605634
0.0137655 0.0687422 9.9991E-05 0.917392
0.857923 9.9982E-05 9.9982E-05 0.141877
0.977713 9.9982E-05 9.9982E-05 0.0220874
9.998E-05 9.998E-05 9.998E-05 0.9997
0.0248577 0.0432883 9.9991E-05 0.931754
0.960319 0.00182906 9.9991E-05 0.037752
0.944028 0.0150171 9.9991E-05 0.0408549
0.0427673 0.0456784 0.00256371 0.908991
0.898633 9.9991E-05 0.0879802 0.0132867
0.934277 0.0105082 9.9991E-05 0.0551149
9.9982E-05 0.0603643 9.9982E-05 0.939436
0.930634 0.0154534 9.9991E-05 0.0538125
0.972206 9.9982E-05 9.9982E-05 0.0275942
0.9718 9.9982E-05 9.9982E-05 0.0279996
0.97199 9.9982E-05 9.9982E-05 0.0278103
0.969276 9.9982E-05 0.0305236 9.9982E-05
0.114113 9.9982E-05 9.9982E-05 0.885687
0.736085 0.185016 0.00405009 0.0748489
0.511566 0.065933 9.9991E-05 0.422401
0.978603 9.9991E-05 0.0123957 0.0089013
0.443851 0.0346723 9.9991E-05 0.521377
0.428962 0.00991039 9.9991E-05 0.561028
0.0475856 0.045019 9.9991E-05 0.907295
0.301734 9.9982E-05 9.9982E-05 0.698066
0.0933977 9.9982E-05 9.9982E-05 0.906402
0.875004 9.9991E-05 0.00776638 0.11713
0.958657 9.9991E-05 0.00418224 0.0370608
0.935609 9.9982E-05 9.9982E-05 0.0641915
0.976702 9.9991E-05 0.0113274 0.0118708
0.940051 9.9991E-05 0.000829261 0.0590193
0.953739 9.9982E-05 9.9982E-05 0.0460608
0.945577 9.9982E-05 9.9982E-05 0.0542227
9.998E-05 9.998E-05 9.998E-05 0.9997
0.0918584 0.0113716 9.9991E-05 0.89667
0.914801 9.9982E-05 9.9982E-05 0.0849994
0.949812 9.9982E-05 9.9982E-05 0.0499882
0.0334763 9.9982E-05 9.9982E-05 0.966324
0.409596 9.9982E-05 9.9982E-05 0.590204
0.178325 9.9982E-05 9.9982E-05 0.821475
0.980918 9.9982E-05 9.9982E-05 0.0188825
0.986103 9.9982E-05 9.9982E-05 0.0136975
0.98305 9.9982E-05 9.9982E-05 0.0167505
9.998E-05 9.998E-05 9.998E-05 0.9997
9.998E-05 9.998E-05 9.998E-05 0.9997
0.930892 9.9982E-05 9.9982E-05 0.0689077
0.993606 9.9982E-05 9.9982E-05 0.00619394
0.907631 9.9982E-05 9.9982E-05 0.0921691
0.793689 0.0168849 9.9991E-05 0.189326
9.998E-05 9.998E-05 9.998E-05 0.9997
9.998E-05 9.998E-05 9.998E-05 0.9997
0.967267 9.9982E-05 9.9982E-05 0.0325333
0.876466 9.9982E-05 9.9982E-05 0.123334
0.984488 9.9982E-05 9.9982E-05 0.0153117
0.971411 9.9991E-05 0.00205635 0.026433
0.0289093 9.9982E-05 9.9982E-05 0.970891
0.0906476 9.9982E-05 9.9982E-05 0.909152
0.111479 0.0390571 0.00563425 0.84383
0.115844 9.9991E-05 0.00518228 0.878874
0.00600037 9.9991E-05 0.00163386 0.992266
0.0849455 0.0449431 0.00479686 0.865314
9.998E-05 9.998E-05 9.998E-05 0.9997
0.952808 0.0138744 0.00989494 0.0234224
0.98523 0.00390775 9.9991E-05 0.0107618
0.0394455 0.0707084 9.9991E-05 0.889746
0.989971 9.9982E-05 9.9982E-05 0.00982939
0.95959 9.9982E-05 9.9982E-05 0.0402099
0.923683 0.00450085 9.9991E-05 0.0717159
0.932738 0.0023808 9.9991E-05 0.0647815
0.951441 0.0212783 0.0262165 0.00106386
0.626155 0.0590822 9.9991E-05 0.314662
0.971124 9.9982E-05 9.9982E-05 0.0286757
0.106578 0.0838979 0.295511 0.514012
0.00382239 9.9991E-05 0.965261 0.0308168
0.948195 9.9991E-05 0.00413675 0.0475684
0.944042 9.9982E-05 9.9982E-05 0.0557584
0.105682 0.0525896 9.9991E-05 0.841628
0.104171 0.0686755 9.9991E-05 0.827054
0.00837932 0.0509401 0.0179264 0.922754
0.000424177 0.0509816 0.0174455 0.931149
0.995065 9.9982E-05 0.00473549 9.9982E-05
0.981633 0.00577955 9.9991E-05 0.012487
0.976224 9.9991E-05 0.0107287 0.0129474
0.983207 9.9982E-05 9.9982E-05 0.0165935
0.959253 0.00752943 0.0331175 9.9991E-05
0.00953706 9.9982E-05 9.9982E-05 0.990263
0.956453 0.000150557 0.0419763 0.00141992
0.9997 9.998E-05 9.998E-05 9.998E-05
9.998E-05 9.998E-05 9.998E-05 0.9997
9.998E-05 9.998E-05 9.998E-05 0.9997
0.980919 9.9982E-05 9.9982E-05 0.0188811
0.939239 0.00553309 0.00407068 0.0511575
0.968289 9.9982E-05 9.9982E-05 0.0315114
0.949628 9.9991E-05 0.0193912 0.0308812
0.128176 9.9982E-05 9.9982E-05 0.871624
0.927415 0.00647695 0.0409565 0.0251511
9.998E-05 9.998E-05 9.998E-05 0.9997
0.9997 9.998E-05 9.998E-05 9.998E-05
0.987767 9.9982E-05 9.9982E-05 0.0120332
0.983034 9.9982E-05 9.9982E-05 0.0167657
0.489863 0.0318254 0.00707436 0.471237
9.998E-05 9.998E-05 9.998E-05 0.9997
9.998E-05 9.998E-05 9.998E-05 0.9997
0.937148 9.9991E-05 0.0315003 0.0312521
0.58502 0.0479404 9.99912E-05 0.36694
0.797502 0.0603966 0.0216554 0.120446
0.345185 0.0568893 0.172006 0.425919
0.978112 9.9991E-05 0.00928716 0.0125011
0.941984 9.9991E-05 0.000966798 0.0569494
0.970682 9.9982E-05 9.9982E-05 0.0291182
0.946101 9.9982E-05 9.9982E-05 0.053699
0.947902 9.9982E-05 9.9982E-05 0.0518979
0.944497 9.9982E-05 9.9982E-05 0.0553032
0.951947 9.9982E-05 9.9982E-05 0.0478531
0.949096 9.9982E-05 9.9982E-05 0.0507043
0.953582 9.9982E-05 9.9982E-05 0.0462184
0.955078 9.9991E-05 0.0128409 0.0319816
0.948508 9.9982E-05 9.9982E-05 0.0512921
0.943531 9.9982E-05 9.9982E-05 0.0562695
0.941585 9.9991E-05 0.00548637 0.052829
0.956596 9.9982E-05 9.9982E-05 0.0432044
0.949378 9.9991E-05 0.00269661 0.0478252
0.92749 0.00153962 0.0239533 0.0470174
0.953795 9.9991E-05 0.0110265 0.0350789
0.87508 0.00399701 9.9991E-05 0.120823
0.0612072 9.9982E-05 9.9982E-05 0.938593
9.998E-05 9.998E-05 9.998E-05 0.9997
9.998E-05 9.998E-05 9.998E-05 0.9997
0.95244 9.9991E-05 0.00295843 0.0445018
0.0408166 9.9982E-05 9.9982E-05 0.958983
0.767255 0.0109765 0.157764 0.0640052
0.96216 9.9982E-05 9.9982E-05 0.0376397
0.964928 9.9991E-05 0.0179237 0.0170487
0.132447 0.00727258 9.9991E-05 0.86018
0.282551 0.00715936 9.9991E-05 0.710189
0.9997 9.998E-05 9.998E-05 9.998E-05
0.991548 9.9982E-05 9.9982E-05 0.00825227
0.966865 9.9982E-05 9.9982E-05 0.0329353
0.824373 0.0255924 0.123499 0.0265354
0.95144 9.9982E-05 9.9982E-05 0.0483598
0.367937 0.0558477 0.266639 0.309576
0.55557 0.0140418 0.352216 0.0781715
0.587451 0.015213 0.364835 0.0325013
0.988045 0.00170891 9.9991E-05 0.0101464
0.97925 9.9991E-05 0.00320756 0.0174424
0.947618 9.9991E-05 0.00583441 0.0464476
0.950455 0.0107519 9.9991E-05 0.0386935
0.984969 9.9982E-05 0.0148311 9.9982E-05
0.935304 9.9982E-05 0.0644964 9.9982E-05
0.91743 0.00298164 0.0794883 9.9991E-05
0.980525 9.9982E-05 0.0192751 9.9982E-05
0.932661 0.0145551 0.0495504 0.00323364
0.89258 0.00383364 0.0724506 0.0311353
0.943213 9.9991E-05 0.052108 0.00457933
0.986486 9.9982E-05 9.9982E-05 0.0133141
0.980519 9.9982E-05 9.9982E-05 0.0192808
0.948778 9.9982E-05 9.9982E-05 0.0510216
0.9997 9.998E-05 9.998E-05 9.998E-05
0.694934 0.0098652 0.295101 9.9991E-05
0.335732 0.000377994 0.217374 0.446517
0.743953 0.0315094 0.101223 0.123314
0.66233 9.9982E-05 0.33747 9.9982E-05
0.8613 0.0150965 0.123504 9.9991E-05
0.544611 0.0128774 0.351192 0.09132
0.92507 0.00878151 0.0498045 0.0163437
0.952993 9.9991E-05 0.00760924 0.0392974
0.985014 9.9991E-05 0.00457505 0.0103112
0.984899 9.9982E-05 9.9982E-05 0.0149013
0.9997 9.998E-05 9.998E-05 9.998E-05
0.98286 0.0169402 9.9982E-05 9.9982E-05
0.978187 0.0184267 0.00328629 9.9991E-05
0.872786 9.9982E-05 0.127014 9.9982E-05
0.88397 9.9982E-05 0.11583 9.9982E-05
0.954534 9.9991E-05 0.00592855 0.0394371
0.600981 9.9991E-05 0.370928 0.027991
0.946707 9.9991E-05 0.0472355 0.0059578
0.971423 9.9982E-05 9.9982E-05 0.0283771
0.950365 0.030175 0.0157586 0.00370123
0.990376 9.9982E-05 9.9982E-05 0.00942447
0.944217 0.0114053 0.0299781 0.0143991
0.961863 9.9982E-05 0.0379374 9.9982E-05
0.994252 9.9982E-05 9.9982E-05 0.00554813
0.931688 9.9991E-05 0.054386 0.0138256
0.979086 9.9991E-05 0.00184061 0.018973
0.975632 9.9991E-05 0.0114187 0.0128492
9.9991E-05 0.0584391 0.00377598 0.937685
0.00943501 0.030434 0.00760825 0.952523
0.0240712 0.0689173 0.00731088 0.899701
9.9982E-05 0.076069 9.9982E-05 0.923731
0.0230438 0.0465843 0.00839864 0.921973
0.174168 0.0508214 0.0515896 0.723421
0.0656472 0.0654052 9.9991E-05 0.868848
9.9982E-05 0.0984055 9.9982E-05 0.901395
0.0176403 0.0457024 0.0014555 0.935202
0.013217 0.0273972 0.00314301 0.956243
0.0357334 0.0376504 0.017855 0.908761
0.0388528 0.0707232 9.9991E-05 0.890324
0.112086 0.0732864 0.00202069 0.812607
0.120328 0.0709651 9.9991E-05 0.808607
0.9997 9.998E-05 9.998E-05 9.998E-05
9.9982E-05 0.0531224 9.9982E-05 0.946678
9.9982E-05 0.044924 9.9982E-05 0.954876
9.9982E-05 0.0475574 9.9982E-05 0.952243
0.190876 0.00890315 0.0281377 0.772084
9.9991E-05 0.302027 0.0931983 0.604674
0.029816 0.115586 0.0106754 0.843922
9.9991E-05 0.0669714 0.0141667 0.918762
0.0382663 0.0576879 0.0727811 0.831265
0.00490851 0.0547918 9.9991E-05 0.9402
0.0055581 0.0551547 9.9991E-05 0.939187
0.0360712 0.0610475 9.9991E-05 0.902781
9.9982E-05 0.0206871 9.9982E-05 0.979113
9.998E-05 9.998E-05 9.998E-05 0.9997
9.998E-05 9.998E-05 9.998E-05 0.9997
9.998E-05 9.998E-05 9.998E-05 0.9997
9.998E-05 9.998E-05 9.998E-05 0.9997
9.998E-05 9.998E-05 9.998E-05 0.9997
9.998E-05 9.998E-05 9.998E-05 0.9997
9.9982E-05 0.00263215 9.9982E-05 0.997168
9.998E-05 9.998E-05 9.998E-05 0.9997
9.998E-05 9.998E-05 9.998E-05 0.9997
9.998E-05 9.998E-05 9.998E-05 0.9997
9.998E-05 9.998E-05 9.998E-05 0.9997
9.9991E-05 0.0181317 0.00316083 0.978607
0.0514407 0.0089087 0.0033744 0.936276
0.0493696 0.0260101 0.0132638 0.911357
9.9982E-05 0.00447637 9.9982E-05 0.995324
9.998E-05 9.998E-05 9.998E-05 0.9997
9.9982E-05 9.9982E-05 0.00476784 0.995032
9.998E-05 9.998E-05 9.998E-05 0.9997
9.998E-05 9.998E-05 9.998E-05 0.9997
0.0922407 9.9991E-05 0.012542 0.895117
0.090826 0.0466666 0.0060589 0.856448
0.0919955 9.9991E-05 0.00660483 0.9013
0.0527407 9.9982E-05 9.9982E-05 0.947059
0.0572493 0.0134631 0.00220079 0.927087
9.9982E-05 0.015908 9.9982E-05 0.983892
0.0416365 9.9982E-05 9.9982E-05 0.958164
9.9982E-05 0.0237115 9.9982E-05 0.976089
9.998E-05 9.998E-05 9.998E-05 0.9997
0.708011 0.0582693 9.9991E-05 0.233619
0.951985 9.9991E-05 0.00587237 0.0420424
0.96954 9.9982E-05 9.9982E-05 0.0302596
9.9991E-05 0.0500564 0.00675486 0.943089
0.0319759 9.9991E-05 0.965643 0.00228087
0.0176948 0.00360707 0.00396536 0.974733
9.998E-05 9.998E-05 9.998E-05 0.9997
0.0137671 9.9991E-05 0.0119622 0.974171
9.998E-05 9.998E-05 9.998E-05 0.9997
9.998E-05 9.998E-05 9.998E-05 0.9997
9.998E-05 9.998E-05 9.998E-05 0.9997
9.998E-05 9.998E-05 9.998E-05 0.9997
9.998E-05 9.998E-05 9.998E-05 0.9997
9.998E-05 9.998E-05 9.998E-05 0.9997
0.0146271 9.9991E-05 0.000319293 0.984954
9.998E-05 9.998E-05 9.998E-05 0.9997
0.0266339 0.0364803 9.9991E-05 0.936786
9.998E-05 9.998E-05 9.998E-05 0.9997
9.998E-05 9.998E-05 9.998E-05 0.9997
9.998E-05 9.998E-05 9.998E-05 0.9997
9.998E-05 9.998E-05 9.998E-05 0.9997
9.998E-05 9.998E-05 9.998E-05 0.9997
9.9982E-05 9.9982E-05 0.00979338 0.990007
9.998E-05 9.998E-05 9.998E-05 0.9997
9.9982E-05 9.9982E-05 0.00710188 0.992698
0.00422058 9.9982E-05 9.9982E-05 0.995579
9.998E-05 9.998E-05 9.998E-05 0.9997
0.00861008 0.0201579 0.0139994 0.957233
9.998E-05 9.998E-05 9.998E-05 0.9997
9.998E-05 9.998E-05 9.998E-05 0.9997
9.998E-05 9.998E-05 9.998E-05 0.9997
9.998E-05 9.998E-05 9.998E-05 0.9997
9.998E-05 9.998E-05 9.998E-05 0.9997
9.998E-05 9.998E-05 9.998E-05 0.9997
9.998E-05 9.998E-05 9.998E-05 0.9997
9.998E-05 9.998E-05 9.998E-05 0.9997
9.998E-05 9.998E-05 9.998E-05 0.9997
9.998E-05 9.998E-05 9.998E-05 0.9997
9.998E-05 9.998E-05 9.998E-05 0.9997
9.998E-05 9.998E-05 9.998E-05 0.9997
9.998E-05 9.998E-05 9.998E-05 0.9997
0.0108142 0.00615782 0.00711117 0.975917
9.998E-05 9.998E-05 9.998E-05 0.9997
9.998E-05 9.998E-05 9.998E-05 0.9997
9.998E-05 9.998E-05 9.998E-05 0.9997
9.998E-05 9.998E-05 9.998E-05 0.9997
9.998E-05 9.998E-05 9.998E-05 0.9997
9.998E-05 9.998E-05 9.998E-05 0.9997
9.998E-05 9.998E-05 9.998E-05 0.9997
9.998E-05 9.998E-05 9.998E-05 0.9997
9.998E-05 9.998E-05 9.998E-05 0.9997
9.998E-05 9.998E-05 9.998E-05 0.9997
9.998E-05 9.998E-05 9.998E-05 0.9997
9.998E-05 9.998E-05 9.998E-05 0.9997
9.998E-05 9.998E-05 9.998E-05 0.9997
9.9982E-05 9.9982E-05 0.000246372 0.999554
0.967614 0.00675425 9.9991E-05 0.0255318
9.998E-05 9.998E-05 9.998E-05 0.9997
0.0272686 9.9982E-05 9.9982E-05 0.972531
9.998E-05 9.998E-05 9.998E-05 0.9997
9.998E-05 9.998E-05 9.998E-05 0.9997
9.998E-05 9.998E-05 9.998E-05 0.9997
9.998E-05 9.998E-05 9.998E-05 0.9997
9.9982E-05 9.9982E-05 0.00465325 0.995147
9.998E-05 9.998E-05 9.998E-05 0.9997
0.159599 0.07749 0.0427481 0.720163
0.0753054 0.119031 0.00911086 0.796553
9.998E-05 9.998E-05 9.998E-05 0.9997
0.0494701 0.00959389 0.00295807 0.937978
0.0488861 0.048987 0.00200029 0.900127
0.267554 0.262054 0.083904 0.386488
0.0465074 9.99973E-05 0.00950033 0.943892
0.0367322 0.0150685 9.9991E-05 0.948099
0.0889737 0.0358204 9.9991E-05 0.875106
0.0849631 9.9991E-05 0.0172468 0.89769
9.998E-05 9.998E-05 9.998E-05 0.9997
9.998E-05 9.998E-05 9.998E-05 0.9997
0.0979889 0.0740735 0.00315619 0.824781
9.998E-05 9.998E-05 9.998E-05 0.9997
0.0252193 9.9991E-05 0.00731706 0.967364
9.9982E-05 9.9982E-05 0.00613185 0.993668
0.0359921 0.0880777 9.9991E-05 0.87583
0.92438 0.0124177 0.035145 0.0280576
0.000451845 0.0345997 9.9991E-05 0.964848
9.998E-05 9.998E-05 9.998E-05 0.9997
0.951536 0.0127455 9.9991E-05 0.0356184
9.998E-05 9.998E-05 9.998E-05 0.9997
9.998E-05 9.998E-05 9.998E-05 0.9997
9.998E-05 9.998E-05 9.998E-05 0.9997
0.151232 0.0659382 0.00934127 0.773488
0.838285 9.9982E-05 0.161515 9.9982E-05
9.9982E-05 0.0180446 0.981755 9.9982E-05
0.9997 9.998E-05 9.998E-05 9.998E-05
9.9982E-05 0.28284 9.9982E-05 0.71696
0.906266 9.9982E-05 0.0935336 9.9982E-05
0.0445496 0.878647 0.0210036 0.0558001
9.9982E-05 0.0770384 9.9982E-05 0.922762
0.0405059 0.0395799 0.0118415 0.908073
0.093316 0.0533044 0.85328 9.9991E-05
0.101094 0.026193 0.0117404 0.860973
0.77447 0.0124824 0.163054 0.0499936
0.975813 9.9982E-05 0.0239866 9.9982E-05
0.990879 9.9982E-05 9.9982E-05 0.00892143
0.9997 9.998E-05 9.998E-05 9.998E-05
0.0192192 0.024642 0.468054 0.488085
0.921581 0.00702051 0.0712986 9.9991E-05
0.812277 9.9982E-05 0.187523 9.9982E-05
0.823384 9.9982E-05 0.176416 9.9982E-05
0.992757 0.00704255 9.9982E-05 9.9982E-05
0.0592425 0.0991419 9.9991E-05 0.841516
0.991276 0.000951908 9.9991E-05 0.00767228
0.98392 0.00434785 9.9991E-05 0.0116325
0.0561296 0.0353021 0.908468 9.9991E-05
0.0344873 0.0599974 9.9991E-05 0.905415
0.637743 0.0271194 0.00391368 0.331224
9.9982E-05 0.849767 9.9982E-05 0.150033
0.941755 9.9991E-05 0.0539895 0.00415571
0.0108468 0.056796 9.9991E-05 0.932257
0.975883 9.9982E-05 0.0239173 9.9982E-05
0.139659 9.9991E-05 0.810285 0.0499557
0.903071 0.0345704 0.0622591 9.9991E-05
9.9982E-05 0.0646835 9.9982E-05 0.935117
0.991074 9.9982E-05 9.9982E-05 0.00872575
0.974274 9.9991E-05 0.0176359 0.00798984
0.0331157 0.0532727 0.0161365 0.897475
0.454168 0.0183695 0.431961 0.0955023
0.984595 9.9982E-05 9.9982E-05 0.0152048
9.9982E-05 0.838829 9.9982E-05 0.160971
0.978736 9.9982E-05 0.021064 9.9982E-05
9.998E-05 9.998E-05 9.998E-05 0.9997
0.00187919 9.9991E-05 0.973157 0.0248641
0.926924 9.9982E-05 0.0728762 9.9982E-05
0.939072 9.9991E-05 0.006619 0.0542085
9.998E-05 9.998E-05 0.9997 9.998E-05
9.998E-05 9.998E-05 9.998E-05 0.9997
0.0457464 0.0449631 9.9991E-05 0.90919
0.960966 0.00293025 0.0243392 0.0117646
0.918079 0.0157336 0.0101216 0.0560656
0.986451 0.0133495 9.9982E-05 9.9982E-05
0.974493 9.9991E-05 0.00506072 0.0203464
9.9982E-05 9.9982E-05 0.999098 0.000701871
0.966045 9.9991E-05 0.0138243 0.0200308
0.859042 9.9991E-05 0.0543956 0.0864625
9.9982E-05 0.0457038 9.9982E-05 0.954096
0.993549 9.9982E-05 9.9982E-05 0.00625115
0.0221561 0.0587087 9.9991E-05 0.919035
0.956609 9.9991E-05 0.0259697 0.0173211
0.067494 0.13844 9.9991E-05 0.793966
0.992943 0.00685695 9.9982E-05 9.9982E-05
0.051427 0.043172 9.9991E-05 0.905301
9.998E-05 9.998E-05 9.998E-05 0.9997
0.82179 0.00719578 0.170915 9.9991E-05
0.970325 9.9982E-05 0.029475 9.9982E-05
0.9997 9.998E-05 9.998E-05 9.998E-05
0.956515 9.9991E-05 0.022662 0.020723
0.946275 9.9991E-05 0.0528164 0.0008088
0.9997 9.998E-05 9.998E-05 9.998E-05
0.986641 0.0131595 9.9982E-05 9.9982E-05
0.99236 0.000838146 9.9991E-05 0.00670182
9.998E-05 9.998E-05 9.998E-05 0.9997
0.9997 9.998E-05 9.998E-05 9.998E-05
9.9991E-05 0.084477 0.00192265 0.9135
0.9997 9.998E-05 9.998E-05 9.998E-05
0.981824 9.9982E-05 0.0179762 9.9982E-05
0.296845 0.630131 9.9991E-05 0.0729235
0.00553681 9.99821E-05 9.99821E-05 0.994263
0.884267 9.9982E-05 0.115533 9.9982E-05
0.9997 9.998E-05 9.998E-05 9.998E-05
9.9991E-05 0.059811 0.0091149 0.930974
9.9982E-05 0.0539991 9.9982E-05 0.945801
0.895542 0.0117333 0.0926243 9.9991E-05
0.985534 0.0138079 9.9991E-05 0.000558454
0.0826886 9.9991E-05 0.830086 0.0871253
0.9997 9.998E-05 9.998E-05 9.998E-05
0.878433 9.9982E-05 0.121367 9.9982E-05
0.0297306 0.0808419 9.9991E-05 0.889328
0.993024 9.9982E-05 9.9982E-05 0.006776
0.833906 9.9982E-05 0.165894 9.9982E-05
0.99962 9.9982E-05 9.9982E-05 0.000180514
9.9982E-05 0.0491637 9.9982E-05 0.950636
9.9982E-05 0.0638675 9.9982E-05 0.935933
0.00271069 0.0364952 0.00687801 0.953916
0.997534 0.000955877 0.00140979 9.9991E-05
0.9997 9.998E-05 9.998E-05 9.998E-05
0.977775 0.0210893 9.9991E-05 0.00103604
9.9991E-05 0.0617722 0.0047961 0.933332
0.591436 9.9991E-05 0.329948 0.0785159
9.9982E-05 0.072426 9.9982E-05 0.927374
0.973856 9.9991E-05 0.00521511 0.0208289
0.991767 0.0080326 9.9982E-05 9.9982E-05
0.995651 9.9982E-05 9.9982E-05 0.00414895
0.920075 9.9982E-05 0.0797252 9.9982E-05
0.981785 9.9982E-05 0.0180152 9.9982E-05
0.991305 0.00849528 9.9982E-05 9.9982E-05
0.784505 0.00157434 0.213821 9.9991E-05
0.0248207 0.0534356 0.00958851 0.912155
9.998E-05 9.998E-05 9.998E-05 0.9997
0.887293 9.9982E-05 0.112507 9.9982E-05
0.885357 0.0463171 0.0682264 9.9991E-05
9.9982E-05 0.0863216 9.9982E-05 0.913478
0.988828 0.000433736 9.9991E-05 0.010638
0.0852302 9.9991E-05 0.89103 0.0236397
0.9997 9.998E-05 9.998E-05 9.998E-05
0.962378 9.9991E-05 0.0227153 0.0148071
0.842037 9.9982E-05 0.157763 9.9982E-05
0.0228507 0.0223389 0.95471 9.9991E-05
9.9982E-05 0.896781 0.103019 9.9982E-05
0.861885 0.0280705 0.109945 9.9991E-05
0.00984102 9.9982E-05 9.9982E-05 0.989959
0.974671 0.000453359 0.024776 9.9991E-05
0.822985 9.9982E-05 0.176816 9.9982E-05
0.0468367 0.0851962 0.0130066 0.854961
9.998E-05 9.998E-05 9.998E-05 0.9997
9.9982E-05 0.0794453 9.9982E-05 0.920355
0.9997 9.998E-05 9.998E-05 9.998E-05
0.9997 9.998E-05 9.998E-05 9.998E-05
0.991196 0.00860408 9.9982E-05 9.9982E-05
0.929622 9.99891E-05 0.0701776 9.99891E-05
0.00247243 0.0637685 9.9991E-05 0.933659
0.0523704 0.00177424 9.9991E-05 0.945755
9.9982E-05 0.0501631 9.9982E-05 0.949637
0.9997 9.998E-05 9.998E-05 9.998E-05
0.873815 0.00190678 0.105834 0.0184441
0.9997 9.998E-05 9.998E-05 9.998E-05
0.949623 0.00984134 0.0404353 9.9991E-05
0.791491 9.9982E-05 0.208309 9.9982E-05
9.9982E-05 0.91876 9.9982E-05 0.0810398
0.99124 0.00856002 9.9982E-05 9.9982E-05
0.891439 9.9982E-05 0.108361 9.9982E-05
9.9982E-05 0.0228143 0.976986 9.9982E-05
0.9997 9.998E-05 9.998E-05 9.998E-05
0.986616 0.0131843 9.9982E-05 9.9982E-05
0.990029 0.00977111 9.9982E-05 9.9982E-05
0.868284 9.9982E-05 0.131516 9.9982E-05
0.908864 9.9991E-05 0.0891581 0.0018783
0.981529 9.9982E-05 9.9982E-05 0.0182708
0.858069 9.9982E-05 0.141731 9.9982E-05
0.0324879 0.017924 0.0045138 0.945074
0.863558 9.9982E-05 0.136242 9.9982E-05
0.537511 0.00887656 0.302714 0.150898
0.958133 9.9991E-05 0.0296091 0.0121581
0.975456 0.00699243 0.00916404 0.00838707
9.9982E-05 0.0652134 9.9982E-05 0.934587
9.9991E-05 0.800625 0.0552794 0.143996
0.9997 9.998E-05 9.998E-05 9.998E-05
0.855474 9.9982E-05 0.144326 9.9982E-05
9.998E-05 9.998E-05 9.998E-05 0.9997
0.889954 9.9982E-05 0.109846 9.9982E-05
0.0604209 0.825348 0.0188089 0.0954221
0.996778 0.00302202 9.9982E-05 9.9982E-05
0.00207538 0.063714 9.9991E-05 0.934111
0.000275463 0.0936259 9.9991E-05 0.905999
0.0160707 9.9982E-05 0.983729 9.9982E-05
0.00415388 0.0706279 9.9991E-05 0.925118
0.916359 0.0140874 9.9991E-05 0.0694535
0.578029 9.9991E-05 0.381671 0.0402003
0.9997 9.998E-05 9.998E-05 9.998E-05
0.0243583 9.9991E-05 0.971874 0.00366773
0.989123 0.0106767 9.9982E-05 9.9982E-05
0.9997 9.998E-05 9.998E-05 9.998E-05
0.920562 9.9991E-05 0.0759846 0.00335385
0.0191809 0.0196602 0.000943575 0.960215
0.969933 0.0190822 9.9991E-05 0.0108852
0.991778 9.9982E-05 9.9982E-05 0.00802232
0.00488446 0.939992 0.00953219 0.0455918
0.0496596 0.873444 0.0286372 0.0482588
9.9982E-05 0.07331 9.9982E-05 0.92649
0.201092 0.0193692 0.664908 0.114631
0.9892 9.9982E-05 9.9982E-05 0.0105998
0.988873 9.9991E-05 0.0051346 0.00589203
0.933103 9.9982E-05 0.0666967 9.9982E-05
0.949373 9.9982E-05 0.0504267 9.9982E-05
0.80063 9.9982E-05 0.19917 9.9982E-05
0.970826 0.0181178 0.0109558 9.9991E-05
9.998E-05 9.998E-05 9.998E-05 0.9997
9.9991E-05 0.0649309 0.00342591 0.931543
0.915308 9.9991E-05 0.0236038 0.0609883
9.998E-05 9.998E-05 0.9997 9.998E-05
0.0500714 0.0673993 0.00165214 0.880877
0.9997 9.998E-05 9.998E-05 9.998E-05
0.192258 0.0570153 0.0197133 0.731013
0.345595 9.9982E-05 9.9982E-05 0.654205
0.0063256 0.0838259 9.9991E-05 0.909748
0.683791 9.9991E-05 0.0241649 0.291944
0.0577186 0.0170317 9.9991E-05 0.92515
9.9982E-05 0.0941481 9.9982E-05 0.905652
0.951643 0.0295218 9.9991E-05 0.0187354
9.998E-05 9.998E-05 9.998E-05 0.9997
0.01545 0.0683734 0.00157234 0.914604
0.9997 9.998E-05 9.998E-05 9.998E-05
0.930046 0.00422863 0.0656249 9.9991E-05
0.919481 9.9991E-05 0.0198368 0.0605824
0.9997 9.998E-05 9.998E-05 9.998E-05
0.511429 0.0661559 0.0297078 0.392707
0.927041 0.0120292 0.0161864 0.0447435
0.902427 0.0189972 0.0784763 9.9991E-05
0.913003 0.00948771 0.0774092 9.9991E-05
0.0266939 9.9991E-05 0.00569312 0.967513
0.881558 0.00196417 0.116378 9.9991E-05
0.871524 9.9982E-05 0.128276 9.9982E-05
9.9982E-05 0.0102137 9.9982E-05 0.989586
0.9997 9.998E-05 9.998E-05 9.998E-05
0.985134 0.0128281 9.9991E-05 0.00193761
0.838721 0.00579026 9.9991E-05 0.155388
0.995259 9.9982E-05 9.9982E-05 0.00454106
0.981032 0.00512171 9.9991E-05 0.0137466
0.9997 9.998E-05 9.998E-05 9.998E-05
0.0361932 0.0530393 0.00914781 0.90162
0.946817 0.00669925 0.00306919 0.0434148
0.938508 9.9982E-05 0.0612925 9.9982E-05
0.0263157 0.0369175 9.9991E-05 0.936667
9.998E-05 9.998E-05 0.9997 9.998E-05
0.9997 9.998E-05 9.998E-05 9.998E-05
0.822566 9.9982E-05 0.177234 9.9982E-05
0.0212808 0.0513939 9.9991E-05 0.927225
0.973264 0.00355936 0.0230769 9.9991E-05
0.9997 9.998E-05 9.998E-05 9.998E-05
0.821329 9.9982E-05 0.178471 9.9982E-05
0.9997 9.998E-05 9.998E-05 9.998E-05
0.744258 0.00719707 0.248445 9.9991E-05
0.880731 0.00164545 0.0998396 0.0177836
0.883342 9.9982E-05 0.116458 9.9982E-05
0.977716 0.000549703 0.0216341 9.9991E-05
0.9997 9.998E-05 9.998E-05 9.998E-05
0.0251447 0.0953474 0.00633421 0.873174
9.9982E-05 0.100207 9.9982E-05 0.899593
9.998E-05 9.998E-05 9.998E-05 0.9997
0.960006 0.00249619 0.0260681 0.0114302
0.9997 9.998E-05 9.998E-05 9.998E-05
0.991908 9.9982E-05 0.00789253 9.9982E-05
0.9997 9.998E-05 9.998E-05 9.998E-05
0.9997 9.998E-05 9.998E-05 9.998E-05
0.916905 0.0085267 0.0662914 0.0082764
0.963345 9.9982E-05 9.9982E-05 0.0364551
0.86815 0.023576 0.108174 9.9991E-05
0.933632 0.0173821 0.026277 0.0227086
9.9991E-05 0.0870032 0.00166711 0.91123
0.858016 0.0532528 0.0886316 9.9991E-05
0.0322542 0.0432959 0.00886591 0.915584
9.9991E-05 0.527679 0.0218507 0.45037
0.978595 9.9982E-05 0.0212048 9.9982E-05
0.993525 9.9982E-05 9.9982E-05 0.00627506
0.980653 9.9991E-05 0.00585398 0.0133928
0.772317 0.0253107 9.9991E-05 0.202272
0.875886 0.00620753 0.117807 9.9991E-05
0.999203 0.000596987 9.9982E-05 9.9982E-05
0.869783 9.9982E-05 0.130017 9.9982E-05
9.998E-05 9.998E-05 9.998E-05 0.9997
