0.9997000599820036	9.998000599880036e-05	9.998000599880036e-05	9.998000599880036e-05
0.9684756474748641	9.998196360656524e-05	0.031324388597922546	9.998196360656524e-05
0.9748177163280444	9.999097090262746e-05	0.011850796551418203	0.01323149614963462
0.9688639031136096	0.002216399778360022	0.015906698409330157	0.01301299869870013
0.875557031520053	9.998200359935212e-05	0.12424300447274815	9.998200359935212e-05
0.8496726202610128	0.004905973581360714	0.10307507524480493	0.04234633091282157
0.842222460977625	0.01775678863565527	0.0036888376391439105	0.13633191274757583
0.984391294332997	9.999102989731794e-05	0.010551903155019042	0.004956811482086633
0.9805953137905004	0.006970442230541513	0.006810832179466297	0.005623411799491775
0.9510475710775455	9.999095490407933e-05	0.008809456026935331	0.04004298194061515
0.960291517933658	0.00013860193042183094	0.01475909259093552	0.024810787544984652
0.875723031526029	9.998200359935212e-05	0.12407700446677215	9.998200359935212e-05
0.9780775784485638	0.015093093494876706	9.999095690389759e-05	0.006729337099655711
0.95875388399078	0.0007088209142326694	0.014842598204045616	0.025694696890941678
0.8741853147067133	0.001873040674294643	0.011237604045537457	0.11270404057345461
0.9695260378115155	0.009931770387339044	0.020442200797245832	9.999100389964916e-05
0.9104511238213527	9.998201359755385e-05	0.08934891215145205	9.998201359755385e-05
0.976933937476228	9.998199360115242e-05	0.022866098536569696	9.998199360115242e-05
0.9767707939013626	9.999097890190346e-05	0.0014197197004391434	0.021709495419296468
0.8979750359190014	0.029105501164220046	0.007181560287262411	0.0657379026295161
0.9857080354854891	9.998200359935212e-05	0.014092000507312017	9.998200359935212e-05
0.9550199512939824	0.008278059577818962	0.0366019981332981	9.999099490045925e-05
0.9608420086475781	9.9991000899919e-05	0.0105391000948519	0.0285189002566701
0.9756810380515605	9.999100389964916e-05	0.0015331700597936322	0.022685800884746234
0.9671721054217595	9.999101089902018e-05	0.014996001634564177	0.017731901932777308
0.9942755684844031	9.998195660783082e-05	9.998195660783082e-05	0.00552446760238106
0.9934631947187861	9.998201959647584e-05	9.998201959647584e-05	0.006336841242020883
0.9677928248294986	9.999098190163226e-05	0.0055098890027100896	0.02659729518588957
0.9751259756218505	0.00031963399200915017	9.999099750022505e-05	0.024454399388640014
0.9664167187727349	9.999097090262748e-05	0.013610096039462054	0.019873194216900487
0.9839224043921081	0.0009090983736394315	9.999104109631788e-05	0.015068506193156044
0.9972428165073216	9.998198160331537e-05	9.998198160331537e-05	0.002557219529471606
0.8260790247823708	0.016721400501642017	0.0027585700827571025	0.15444100463323013
0.9608788395332338	0.02481699585556169	0.0009506668412386374	0.013353497769965873
0.948946749478058	9.998197360475896e-05	9.998197360475896e-05	0.050853286574732336
0.9559203909714399	0.01058030432734447	9.999104089633573e-05	0.033399313660319285
0.9753572038496555	0.014377703004939926	9.999102089812336e-05	0.010165102124506343
0.9825205893063937	9.999095820377947e-05	0.017199892810444806	0.00017952692495774538
0.9626500086638501	0.012550800112957202	9.9991000899919e-05	0.024699200222292803
0.9555520343998731	9.998200359935213e-05	9.998200359935213e-05	0.044248001592928056
0.9970489860413141	9.998199860025203e-05	9.998199860025203e-05	0.0027510499614853004
0.9817747408114683	9.998197360475896e-05	9.998197360475896e-05	0.018025295241322056
0.9282314826803709	0.018535209638309014	0.05040972621305763	0.0028235814682623633
0.8976470089764701	0.029015300290153007	0.007233890072338901	0.06610380066103802
0.9385169061483094	0.0039026996097300385	0.017597598240240177	0.039982796001720396
0.8972041256085777	0.008546161196462568	0.05497250769615108	0.03927720549880877
0.8985290080867611	9.9991000899919e-05	0.0870421007833789	0.014328900128960102
0.9784216438545215	9.998196360656524e-05	9.998196360656524e-05	0.02137839221826523
0.8981670979002137	9.999101089902018e-05	0.03902050425323496	0.06271240683565234
0.9636962987458526	0.011845503672106138	0.019180605945987843	0.005277591636053408
0.9943026808288393	9.999096790289929e-05	0.002705879131412798	0.0028914490718448473
0.9792793123901007	9.999103189713917e-05	0.002919390931285707	0.0177013056467165
0.9821136552781071	9.999096490317132e-05	0.016008294381088674	0.001778059375901159
0.9911628077144152	9.998198060349576e-05	9.998198060349576e-05	0.008637228324377704
0.9505723982898349	0.004459091868359493	9.999104189624656e-05	0.04486851879990938
0.9756897268068766	0.0004428298760076348	0.01643599539792129	0.007431447919194584
0.9959338277034477	0.0010524798179209914	0.0005347629074860169	0.0024789295711451836
0.9236288429830967	0.004050669311386217	0.05692299032309164	0.015397497382425443
0.987909233146579	9.998202359575756e-05	9.998202359575756e-05	0.01189080280622946
0.9847477400265965	9.998197360475896e-05	9.998197360475896e-05	0.015052296026193847
0.984039330637215	9.998203359396328e-05	9.998203359396328e-05	0.015760705295596977
0.9867700355237212	9.998200359935212e-05	9.998200359935212e-05	0.013030000469080014
0.9529967484088583	9.998197360475896e-05	0.04680328764393206	9.998197360475896e-05
0.9641765526220796	9.998195360837353e-05	9.998195360837353e-05	0.035623483470703675
0.9696077440235555	9.998197360475896e-05	9.998197360475896e-05	0.030192292029234902
0.9843388385684304	9.998198360295469e-05	9.998198360295469e-05	0.015461197464363615
0.9855881340399861	9.998201359755385e-05	9.998201359755385e-05	0.014211901932818662
0.9470996552557254	9.998196360656524e-05	9.998196360656524e-05	0.052700380817061375
0.9607755542001428	9.998195360837353e-05	9.998195360837353e-05	0.0390244818926404
0.9463739394320677	9.99819936011524e-05	9.99819936011524e-05	0.053426096580729804
0.9488161290389935	9.998201359755385e-05	9.998201359755385e-05	0.050983906933811336
0.815582029360953	9.998200359935212e-05	9.998200359935212e-05	0.1842180066318482
0.9633481310153458	9.998201359755385e-05	9.998201359755385e-05	0.03645190495745907
0.9156599816868003	0.004740539905189201	0.0034940799301184013	0.07610539847789202
0.9487098956419115	0.025996497140385315	0.003788209583296946	0.021505397634406263
0.8592403514293038	0.029951612250209408	9.999104089633573e-05	0.11070804527959052
0.8874889192385084	9.999099090081982e-05	0.05600519490352726	0.05640589486706357
0.9521804760902381	0.011653505826752914	0.0025253012626506315	0.033640716820358414
0.9395134096278466	9.9982043592171e-05	9.9982043592171e-05	0.06028662628496906
0.9167813392090954	0.0010701303959482465	0.014577305393602994	0.06757122500135325
0.8876103630326384	0.028489311652128462	9.999104089633571e-05	0.0838003342743367
0.9762968398873182	9.998198360295469e-05	9.998198360295469e-05	0.02350319614547583
0.8604224904408195	0.0025467314516369275	0.019073710872015197	0.11795706723552833
0.9857197397699886	9.998197360475896e-05	9.998197360475896e-05	0.014080296282801781
0.911596780305176	9.999097590217481e-05	0.001990049520398066	0.08631317919852383
0.984566543161124	9.998195360837353e-05	9.998195360837353e-05	0.01523349293165928
0.9304956612995792	9.998196360656524e-05	9.998196360656524e-05	0.06930437477320757
0.9770616570513584	0.009865156537330055	9.999096490317132e-05	0.0129731954464084
0.9113994274463315	0.009881044634209935	9.9991046895801e-05	0.07861953687256279
0.8686558610150623	0.004792819233148923	0.008364338661705814	0.11818698109008303
0.9812731069587687	9.999101089902018e-05	0.0024539002674751295	0.016173001762857193
0.9810156429103059	9.998196360656524e-05	9.998196360656524e-05	0.018784393162480886
0.9682955507108644	9.998195360837352e-05	9.998195360837352e-05	0.03150448538191877
0.9201414683520073	9.99910508954449e-05	0.03610461837725075	0.04365392221984641
0.9593984509172719	0.007838133683922832	0.01190480559525863	0.02085860980354661
0.8023668467479322	9.999098090172264e-05	0.02390619543391667	0.17362696683724932
0.9806660353039772	9.998200359935212e-05	0.019134000688824024	9.998200359935212e-05
0.9645961311850738	9.998201359755385e-05	9.998201359755385e-05	0.035203904787731055
0.8974306410277437	0.019316892273243097	0.012486095005562	0.07076637169345133
0.9450216021459056	9.999095790380673e-05	0.05002067894129417	0.004857727954896532
0.8711571366832774	9.99909009090172e-05	0.11378688723719474	0.014955985178618687
0.9824809371212199	9.99819936011524e-05	9.99819936011524e-05	0.017319098891577667
0.99384053885799	9.998195360837353e-05	9.998195360837353e-05	0.005959497234793284
0.970248008732232	0.0197648001778832	9.9991000899919e-05	0.009887200088984801
0.9616407461268429	9.998197360475896e-05	0.03815928992594746	9.998197360475896e-05
0.9577513917203191	9.999104089633571e-05	0.021213008676120543	0.0209356085626639
0.9529841991736977	9.999102089812336e-05	0.022812604767834394	0.024103205037569853
0.934022753417993	9.998197360475896e-05	9.998197360475896e-05	0.06577728263479737
0.9119039088096091	0.01219899878010012	0.01410709858929014	0.06178999382100061
0.9406852916124404	0.005784991793347456	0.023361307242005247	0.0301684093522069
0.9426399811472005	0.023784299524314014	0.006282719874345604	0.027292999454140016
0.9911048206100274	9.999098190163226e-05	0.00276251949998397	0.006032668908086927
0.9354439148746038	9.999099090081982e-05	0.03041469723226255	0.03404139690223288
0.9717483002702247	9.999103089722855e-05	0.010500303244593704	0.017651405454284286
0.9900170653411262	9.998200659881243e-05	9.998200659881243e-05	0.009782970645676061
0.9147441792898592	0.0007517041473340129	0.042314808293702426	0.04218930826910442
0.9841312322549707	9.998202359575756e-05	9.998202359575756e-05	0.01566880369783767
0.9795068520944653	9.999098490136127e-05	0.007136458922394702	0.0132566979982386
0.9502869334799147	0.003694669741373118	0.02435349829525512	0.021664898483457106
0.9300683627266614	0.00829071323337816	0.033376313016762076	0.0282646110231983
0.862955525539915	9.999106089455607e-05	0.011117406770500722	0.12582707662868964
0.9425057832236698	0.001849929574516198	0.021040095160778115	0.03460419204103583
0.9593879126957	9.999099090081982e-05	0.02035979814725837	0.020152298166140867
0.9702798243793517	0.0019758896423639747	9.999098190163226e-05	0.027644294996382605
0.9575669320127479	9.999099290063951e-05	0.0383297972785844	0.00400327971576714
0.9818623299057427	9.998203359396327e-05	9.998203359396327e-05	0.017937706027069223
0.9458397909694062	0.0067762285024535	9.999097790199388e-05	0.047283989550238305
0.9572712201723806	0.0023740705460362256	0.022508605176979193	0.017846104104603945
0.9080507993207734	9.999097790199388e-05	0.009074827994463013	0.08277438170686163
0.9260937305067243	9.999097090262746e-05	0.018071894741078627	0.05573438378129432
0.9482040085338361	9.9991000899919e-05	0.0371062003339558	0.0145898001313082
0.9798826276446013	0.0050118280955053236	0.009163326517935923	0.005942217741957257
0.9817941561052708	9.999101589857153e-05	0.00470275074773737	0.013403102131093239
0.9849543309446551	9.998203359396328e-05	9.998203359396328e-05	0.014845704988156875
0.9225953690381477	0.013477205390882157	0.013830205532082213	0.050097220038888016
0.9497795526538307	9.999095290426119e-05	0.009615675471016855	0.04050478092224819
0.9489779136430099	9.999099090081982e-05	0.010611599034344488	0.040310496331744834
0.9451640085064762	9.999100089991901e-05	0.016084700144762303	0.038651300347861704
0.9626420086637781	9.999100089991901e-05	0.014420500129784502	0.022837500205537504
0.9536514291431432	0.003773151697918264	0.019046308570838857	0.023529110588099766
0.9945952440736728	0.005204781277253325	9.998732453688943e-05	9.998732453688943e-05
0.9780884264465538	9.9982043592171e-05	9.9982043592171e-05	0.021711609466261727
0.9639177108246867	0.022292593312222	0.0033751989874403034	0.010414496875650936
0.9846742323831188	9.998202359575756e-05	9.998202359575756e-05	0.015125803569689641
0.9033677560907059	0.0061761683324345505	0.07186248059713024	0.018593594979729355
0.971274520603143	9.998205359038073e-05	9.998205359038073e-05	0.028525515289676194
0.9891266231427566	9.999096190344352e-05	0.006399697561715229	0.004373688333624746
0.8690398340133917	0.01317719748315528	9.999098090172264e-05	0.11768297752255129
0.9331769402766756	9.99819936011524e-05	9.99819936011524e-05	0.06662309573612187
0.97274384047001	9.998198360295468e-05	9.998198360295468e-05	0.02705619556278392
0.9377489803072713	0.0025153299471780705	9.999099790018902e-05	0.05963569874765032
0.9101109171799066	9.999099090081982e-05	0.02048039813628377	0.06930869369290887
0.8107301694426053	0.018779803924979018	9.999102089812336e-05	0.17039003561151744
0.9772382306282223	9.998202359575756e-05	9.998202359575756e-05	0.022561805324586053
0.9430716123975673	9.999095890371588e-05	0.0027827188563025497	0.05404567778722643
0.9658201313515378	9.998201359755385e-05	9.998201359755385e-05	0.03397990462126703
0.9445677062394433	0.0020138193737021747	9.999096890280868e-05	0.05331848341795166
0.9997000599820036	9.998000599880036e-05	9.998000599880036e-05	9.998000599880036e-05
0.9627276495671354	9.998196360656524e-05	9.998196360656524e-05	0.037072386505651304
0.9997000599820036	9.998000599880036e-05	9.998000599880036e-05	9.998000599880036e-05
0.877460031588561	9.998200359935212e-05	0.12234000440424014	9.998200359935212e-05
0.9997000599820036	9.998000599880036e-05	9.998000599880036e-05	9.998000599880036e-05
0.9355762151825295	0.004813441107091455	0.05213421199086876	0.0074761317195102955
0.9954762747514517	0.004323761193358089	9.998202759503961e-05	9.998202759503961e-05
0.885624146258323	9.998190361744491e-05	9.998190361744491e-05	0.1141758899344421
0.9419547513239456	9.998197360475896e-05	9.998197360475896e-05	0.05784528472884483
0.9774356960174986	9.999096890280868e-05	0.006764317896297134	0.015699995117301517
0.9925031151303612	9.998201159791334e-05	0.007296920846442817	9.998201159791334e-05
0.9436829141248548	0.01676009847483104	0.039456996409413324	9.999099090081982e-05
0.9997000599820036	9.998000599880036e-05	9.998000599880036e-05	9.998000599880036e-05
0.9730415903494904	9.999095790380673e-05	0.008480426429740473	0.018377992262865257
0.9658965518239998	9.998195360837352e-05	9.998195360837352e-05	0.0339034842687833
0.9758443991203593	9.999104089633573e-05	0.012285605024812456	0.011770004813931968
0.9874220187610184	0.004260760080954442	0.008217230156127374	9.999100189982903e-05
0.9997000599820036	9.998000599880036e-05	9.998000599880036e-05	9.998000599880036e-05
0.9553286522603704	9.998196360656524e-05	9.998196360656524e-05	0.04447138381241629
0.9904102664203618	9.999102689758623e-05	0.007944602137097976	0.001545140415642772
0.8440825863995328	0.0037450981649018995	0.008198385982790869	0.14397392945277457
0.9865967079673743	0.0001895049439065366	9.999097040267275e-05	0.013113796118316349
0.9997000599820036	9.998000599880036e-05	9.998000599880036e-05	9.998000599880036e-05
0.9950746377928318	9.998196360656524e-05	9.998196360656524e-05	0.004725398279955026
0.997410996010356	9.998199960007199e-05	9.998199960007199e-05	0.0023890399904438397
0.8678989739630307	0.05036259848912204	0.009025029729249108	0.07271339781859806
0.9469564450695293	0.0067059331517885816	0.02118320995610868	0.02515441182257356
0.9325927659192158	0.005783858548251505	9.99909749022653e-05	0.061523384557630484
0.9871450315886411	0.011908500381072013	9.99910031997121e-05	0.0008464770270872648
0.9890280356050092	0.010772000387792012	9.998200359935212e-05	9.998200359935212e-05
0.9997000599820036	9.998000599880036e-05	9.998000599880036e-05	9.998000599880036e-05
0.9990117492480508	9.998197490452429e-05	9.998197490452429e-05	0.0007882868021400126
0.9740776678395152	9.999096590308062e-05	0.006015347948766349	0.019806993245815304
0.9626876823130648	0.0011589296175532264	0.021805292804253376	0.014348095265128563
0.9866456507274397	0.007131707475375554	0.0060737778498826415	0.00014886394730216266
0.9997000599820036	9.998000599880036e-05	9.998000599880036e-05	9.998000599880036e-05
0.9800883293096786	9.998203359396328e-05	9.998203359396328e-05	0.019711706623133422
0.9997000599820036	9.998000599880036e-05	9.998000599880036e-05	9.998000599880036e-05
0.997636474874962	9.998204759145465e-05	9.998204759145465e-05	0.0021635610298550503
0.9769560586173636	0.009843140590588436	0.00882591052955463	0.004374890262493416
0.9743042299357982	9.998202359575757e-05	9.998202359575757e-05	0.02549580601701022
0.9770866443404613	9.998196360656524e-05	9.998196360656524e-05	0.022713391732325408
0.9657005258410418	9.99909509044431e-05	0.017667891325065358	0.016531591882988386
0.9084559091544091	0.014656998534300145	0.013436298656370133	0.06345079365492064
0.9533471039148343	9.999101089902018e-05	0.01013810110505302	0.03641480396921363
0.9739960350638571	9.998200359935212e-05	9.998200359935212e-05	0.02580400092894403
0.9460032932610208	0.009924823076695153	0.005448571689057223	0.03862331197322671
0.9947309194267955	0.0017666898568981216	0.0034023997244056223	9.999099190072965e-05
0.9857118383432585	9.998198360295469e-05	0.014088197689535578	9.998198360295469e-05
0.9997000599820036	9.998000599880036e-05	9.998000599880036e-05	9.998000599880036e-05
0.834709030049525	9.998200359935212e-05	0.1650910059432762	9.998200359935212e-05
0.9538622956973116	0.011433603544417099	0.008095492509602679	0.026608608248668557
0.9832674965500857	0.00011634505875425466	0.0036670518518611846	0.012949106539298802
0.9997000599820036	9.998000599880036e-05	9.998000599880036e-05	9.998000599880036e-05
0.9952897471964041	9.998197460457844e-05	9.998197460457844e-05	0.00451028885438663
0.8435192484243497	9.999091090809838e-05	0.044047860753356066	0.11233289991138617
0.9818263524756605	9.99910358967819e-05	0.008663023110025297	0.009410633378417382
0.9627313273286513	0.008623022931827798	0.025229808578134918	0.003415841161385995
0.9868168381620384	9.998198360295468e-05	9.998198360295468e-05	0.012983197870755546
0.8638887926666897	0.008666737919982898	0.017216495868040988	0.11022797354528635
0.9477371980770743	9.999102089812336e-05	0.01775340371046137	0.0344094071915661
0.9424848115030376	0.006451128709774257	0.0042105691578861685	0.046853490629301865
0.959878008638902	9.9991000899919e-05	0.0168326001514934	0.0231894002087046
0.8713173833796487	0.0019403908537719756	0.008622173793756469	0.11812005197282287
0.9726557432188837	9.998197360475896e-05	9.998197360475896e-05	0.02714429283390669
0.9506117233719884	9.999097090262746e-05	0.012651496318414569	0.0366367893386943
0.9972713450558853	9.998203459378397e-05	9.998203459378397e-05	0.0025286908749270424
0.8360613344245337	0.0018704007481602988	0.09997393998957597	0.06209432483772992
0.973720883153494	0.001659039800915224	0.005972179283338486	0.01864789776225227
0.9357567445384087	0.0005377818531855541	9.999097270246446e-05	0.06360548263570324
0.9388624750644123	0.0001417840717427403	0.004113712081538313	0.05688202878230657
0.9997000599820036	9.998000599880036e-05	9.998000599880036e-05	9.998000599880036e-05
0.9910076630573946	0.0026602590955119073	0.004418228497802311	0.0019138493492912214
0.9608261306723537	9.998201359755385e-05	9.998201359755385e-05	0.03897390530045112
0.9660717188731297	0.011601296624022681	0.02222699353194488	9.999097090262746e-05
0.9870332329398429	0.012766803012965509	9.998202359575756e-05	9.998202359575756e-05
0.9554558853452938	0.011799898584012172	0.02702819675661639	0.005716019314077682
0.9801679372692519	9.99819936011524e-05	9.99819936011524e-05	0.019632098743545677
0.9997000599820036	9.998000599880036e-05	9.998000599880036e-05	9.998000599880036e-05
0.8739878330683238	9.999098090172264e-05	0.10351298022902077	0.02239919572175362
0.9997000599820036	9.998000599880036e-05	9.998000599880036e-05	9.998000599880036e-05
0.9997000599820036	9.998000599880036e-05	9.998000599880036e-05	9.998000599880036e-05
0.9997000599820036	9.998000599880036e-05	9.998000599880036e-05	9.998000599880036e-05
0.9340453736181494	0.015409906163962466	0.023127209250883702	0.02741751096700439
0.9754907424704439	9.998197360475896e-05	9.998197360475896e-05	0.02430929358234649
0.9864502614093191	0.00013384403546866936	9.999102649762201e-05	0.013315903528714434
0.9761042040057787	9.999102089812337e-05	0.010150502121454944	0.013645302851868298
0.9481571261048978	0.0007800371037449349	0.008075231074005733	0.042987605717351565
0.9407068457240773	9.998198360295469e-05	9.998198360295469e-05	0.059093190308716785
0.9428304233308601	9.999104489597916e-05	0.051814923264900545	0.0052546623593434
0.9849456414797864	9.998196360656524e-05	9.998196360656524e-05	0.014854394593000366
0.9245092403724023	0.035818809312890415	0.030002507800652025	0.009669442514055052
0.9545796172135737	0.0005966107607590851	0.0013035894772606199	0.043520182548406804
0.9900034841117037	9.999104889562291e-05	0.005281532582669434	0.004614992256731214
0.9711086465164526	9.998196360656524e-05	9.998196360656524e-05	0.028691389556334195
0.9618688422535098	9.998198360295469e-05	9.998198360295469e-05	0.037931193779284215
0.9863323639566423	0.0019728407279782285	9.999103689669261e-05	0.011594804278482779
0.9476597346552742	0.026888792471138106	0.022836793605697788	0.0026146792678898045
0.9725108405082221	9.998198360295469e-05	9.998198360295469e-05	0.027289195524571933
0.9438697074003906	0.02519829218852942	0.005749908217528452	0.025182092193551418
0.9465219432086835	0.02464029852158209	0.001089859934608404	0.027747898335126104
0.9997000599820036	9.998000599880036e-05	9.998000599880036e-05	9.998000599880036e-05
0.9392366581178563	9.998196360656524e-05	9.998196360656524e-05	0.06056337795493042
0.857923030885229	9.998200359935212e-05	9.998200359935212e-05	0.14187700510757217
0.9777126441125975	9.998196360656524e-05	9.998196360656524e-05	0.022087391960189322
0.9603189510237335	0.0018290599067179447	9.999099490045925e-05	0.0377519980746481
0.944028008496252	0.0150171001351539	9.9991000899919e-05	0.040854900367694104
0.8986330979510078	9.999101089902018e-05	0.08798020958984284	0.013286701448250459
0.9342769149808008	0.010508199043753887	9.999099090081982e-05	0.05511489498454456
0.9306341014391171	0.015453401684420784	9.999101089902018e-05	0.05381250586556314
0.9722058405582421	9.998198360295469e-05	9.998198360295469e-05	0.02759419547455194
0.9718004237049847	9.9982043592171e-05	9.9982043592171e-05	0.02799961220783092
0.9719897433947077	9.998197360475896e-05	9.998197360475896e-05	0.027810292658082734
0.9692764226045202	9.9982043592171e-05	0.0305236133082954	9.9982043592171e-05
0.978603008807427	9.9991000899919e-05	0.012395700111561301	0.0089013000801117
0.8750036753736364	9.999096290335275e-05	0.0077663771186740884	0.11712995654478611
0.958656970281634	9.99909969002791e-05	0.004182239870350565	0.03706079885111524
0.9356085658776253	9.998195360837352e-05	9.998195360837352e-05	0.06419147021515781
0.9767018134499535	9.999098090172264e-05	0.011327397836467013	0.011870797732677633
0.9400514211430366	9.999104479598807e-05	0.0008292613715090944	0.05901932644065824
0.953739225082457	9.998202359575756e-05	9.998202359575756e-05	0.04606081087035136
0.9455773177139787	9.998203359396328e-05	9.998203359396328e-05	0.054222718218833316
0.914800667012557	9.998196360656524e-05	9.998196360656524e-05	0.08499936906022965
0.9498118442308575	9.998198360295469e-05	9.998198360295469e-05	0.049988191801936546
0.9809175448542592	9.998195360837353e-05	9.998195360837353e-05	0.018882491238524066
0.9861025424484203	9.998195360837353e-05	9.998195360837353e-05	0.013697493644362948
0.9830495438650114	9.998195360837352e-05	9.998195360837352e-05	0.016750492227771606
0.930892312779817	9.998203359396327e-05	9.998203359396327e-05	0.06890772315299497
0.993606095386185	9.998200959827292e-05	9.998200959827292e-05	0.006193940594618297
0.9076309419116197	9.998199360115242e-05	9.998199360115242e-05	0.09216909410117799
0.9672667446415794	9.998197360475896e-05	9.998197360475896e-05	0.032533291411211064
0.876466031552777	9.998200359935212e-05	9.998200359935212e-05	0.12333400444002414
0.984488330788079	9.998203359396327e-05	9.998203359396327e-05	0.015311705144732925
0.971410668748962	9.999096590308062e-05	0.0020563492987848895	0.026432990986350074
0.9528082477301445	0.013874403607344939	0.00989494257268507	0.023422406089825584
0.9852304522207775	0.0039077517936580725	9.999104589589006e-05	0.010761804939668466
0.9899706495503899	9.998196460638452e-05	9.998196460638452e-05	0.00982938652039717
0.9595901305042577	9.998201359755383e-05	9.998201359755383e-05	0.040209905468547136
0.9236832392339589	0.004500851165720451	9.99910258976757e-05	0.0717159185744229
0.932737728573321	0.002380799307187402	9.999097090262748e-05	0.064781481148589
0.9514413234900501	0.021278307234624462	0.026216508913613032	0.001063860361712523
0.9711243262977736	9.998203359396328e-05	9.998203359396328e-05	0.028675709635038432
0.9481948663045238	9.999098590127098e-05	0.004136749416718331	0.04756839329285654
0.944041656368837	9.998196360656524e-05	9.998196360656524e-05	0.05575837970394978
0.995064548240695	9.998195460819261e-05	0.004735487850088516	9.998195460819261e-05
0.9816334505697538	0.005779552652814667	9.999104589589006e-05	0.012487005731535631
0.9762239111636241	9.999099090081982e-05	0.01072869902368839	0.012947398821786707
0.9832065437921635	9.998195360837352e-05	9.998195360837352e-05	0.01659349230061957
0.959253075780993	0.007529430594825017	0.033117502616282705	9.999100789928962e-05
0.9564532132890666	0.0001505570335742185	0.04197630936071699	0.0014199203166422307
0.9997000599820036	9.998000599880036e-05	9.998000599880036e-05	9.998000599880036e-05
0.9809189372211878	9.99819936011524e-05	9.99819936011524e-05	0.018881098791609676
0.9392387464055384	0.0055330885060661025	0.004070678900916697	0.05115748618747872
0.9682886475429321	9.998196360656524e-05	9.998196360656524e-05	0.03151138852985457
0.949627628695597	9.999096090353427e-05	0.01939119241804376	0.03088118792545552
0.9274154173369378	0.006476952914628812	0.0409565184304333	0.025151111318000092
0.9997000599820036	9.998000599880036e-05	9.998000599880036e-05	9.998000599880036e-05
0.9877668380062385	9.998198360295469e-05	9.998198360295469e-05	0.012033198026555524
0.9830343302995349	9.998203359396328e-05	9.998203359396328e-05	0.016765705633277093
0.9371476335752753	9.99909609035343e-05	0.03150028768338752	0.03125208778043368
0.9781117544939497	9.99909749022653e-05	0.009287157668923426	0.012501096862224689
0.9419838219650576	9.999098110170457e-05	0.0009667978172752125	0.05694938923656542
0.9706818408081779	9.998198360295468e-05	9.998198360295468e-05	0.029118195224615975
0.9461010340596371	9.998200359935212e-05	9.998200359935212e-05	0.053699001933164056
0.9479021289146895	9.998201359755385e-05	9.998201359755385e-05	0.05189790705811535
0.9444968451025172	9.998198360295468e-05	9.998198360295468e-05	0.05530319093027667
0.9519469390753957	9.99819936011524e-05	9.99819936011524e-05	0.04785309693740179
0.9490957494387221	9.998197360475896e-05	9.998197360475896e-05	0.05070428661406833
0.9535816528962783	9.998196360656524e-05	9.998196360656524e-05	0.04621838317650852
0.9550775310569323	9.99909509044431e-05	0.012840893695121196	0.03198158429704211
0.9485079392954917	9.99819936011524e-05	9.99819936011524e-05	0.0512920967173058
0.943530562201819	9.998195360837352e-05	9.998195360837352e-05	0.0562694738909641
0.9415846600879378	9.999096390326204e-05	0.005486368019421145	0.05282898092873789
0.9565956517991826	9.998196360656524e-05	9.998196360656524e-05	0.04320438427360412
0.9493781889262596	9.999101989821295e-05	0.0026966105366254965	0.04782520951721669
0.9274897032032949	0.0015396195073217576	0.023953292334946454	0.04701738495443681
0.9537946270663008	9.99909609035343e-05	0.011026495688640186	0.03507888628415547
0.8750799991249201	0.00399700999600299	9.9990999900009e-05	0.12082299987917702
0.9524397895108067	9.99909779019939e-05	0.0029584293461871153	0.04450179016510438
0.9621603232858684	9.998203359396327e-05	9.998203359396327e-05	0.03763971264694344
0.9649276227132996	9.99909609035343e-05	0.017923692991836042	0.017048693333960908
0.9997000599820036	9.998000599880036e-05	9.998000599880036e-05	9.998000599880036e-05
0.9915477679778222	9.998197660421748e-05	9.998197660421748e-05	0.008252268068969273
0.9668647447477072	9.998197360475896e-05	9.998197360475896e-05	0.032935291305083096
0.824373164874633	0.025592405118481026	0.12349902469980494	0.026535405307081063
0.951440224539893	9.998202359575757e-05	9.998202359575757e-05	0.048359811412915496
0.9880447025985445	0.0017089094856182446	9.999096990271806e-05	0.010146396945934518
0.9792500479832523	9.999100489955925e-05	0.003207560157170448	0.01744240085467764
0.9476179990523821	9.9990999900009e-05	0.005834409994165591	0.0464475999535524
0.9504546283722403	0.010751895796008742	9.999096090353427e-05	0.03869348487084741
0.9849689369619881	9.998199360115242e-05	0.01483109905080966	9.998199360115242e-05
0.9353036595494678	9.998196360656524e-05	0.06449637652331894	9.998196360656524e-05
0.9174300633026744	0.0029816402057331742	0.07948830548469309	9.999100689937948e-05
0.980524937246404	9.998199360115242e-05	0.01927509876639368	9.998199360115242e-05
0.9326608694274782	0.014555097962286285	0.049550393062944974	0.0032336395472904633
0.8925804105869889	0.003833641763475211	0.07245063332729133	0.03113531432224459
0.943212697228724	9.999096790289929e-05	0.05210798327333736	0.004579328530035541
0.9864859368648998	9.99819936011524e-05	9.99819936011524e-05	0.013314099147897652
0.9805192314025385	9.998202359575756e-05	9.998202359575756e-05	0.019280804550269873
0.9487784136673882	9.9982043592171e-05	9.9982043592171e-05	0.05102162224542729
0.9997000599820036	9.998000599880036e-05	9.998000599880036e-05	9.998000599880036e-05
0.8612995771019077	0.015096492587622143	0.1235039393595658	9.999095090444313e-05
0.9250702682703777	0.008781512546638637	0.04980451444330919	0.016343704739674374
0.9529933516545468	9.999103689669261e-05	0.007609242807810596	0.039297414500745954
0.9850137626116832	9.999097590217481e-05	0.004575048897413216	0.010311197515001399
0.9848987399867325	9.998197360475896e-05	9.998197360475896e-05	0.014901296066057836
0.9997000599820036	9.998000599880036e-05	9.998000599880036e-05	9.998000599880036e-05
0.9828598388109864	0.016940197221807653	9.998198360295469e-05	9.998198360295469e-05
0.9781870185855532	0.018426700350107305	0.003286290062439511	9.999100189982902e-05
0.8727860314202971	9.998200359935213e-05	0.12701400457250414	9.998200359935213e-05
0.8839700318229211	9.998200359935212e-05	0.11583000416988014	9.998200359935212e-05
0.954534342677829	9.999103589678188e-05	0.005928552128350214	0.03943711415792398
0.9467067245083433	9.999097090262748e-05	0.047235486254473505	0.005957798266280705
0.9714229378289319	9.99819936011524e-05	9.99819936011524e-05	0.02837709818386571
0.9503651615620775	0.030175005129750875	0.01575860267896246	0.003701230629209207
0.9903755701770024	9.998195660783082e-05	9.998195660783082e-05	0.009424465909781795
0.9442174721087361	0.011405305702652852	0.029978114989057496	0.0143991071995536
0.9618626498819953	9.998196360656524e-05	0.03793738619079142	9.998196360656524e-05
0.9942519065403206	9.998199060169287e-05	9.998199060169287e-05	0.005548129478475828
0.9316883810605477	9.999104089633573e-05	0.05438602224388309	0.013825605654672713
0.9790863906554698	9.999103989642491e-05	0.0018406107344036827	0.01897300757023002
0.9756321063438995	9.999101089902018e-05	0.011418701244638434	0.012849201400562952
0.9997000599820036	9.998000599880036e-05	9.998000599880036e-05	9.998000599880036e-05
0.9519852275244693	9.999102389785471e-05	0.005872371403496766	0.042042410048136004
0.9695404227196242	9.9982043592171e-05	9.9982043592171e-05	0.03025961319319135
0.9676139603278275	0.006754249723075761	9.999099590036917e-05	0.025531798953196242
0.9243797226860833	0.012417696274691118	0.03514498945650317	0.028057591582722526
0.9515361037174352	0.01274550138925965	9.999101089902018e-05	0.03561840388240602
0.8382850301782611	9.998200359935213e-05	0.1615150058145402	9.998200359935213e-05
0.9997000599820036	9.998000599880036e-05	9.998000599880036e-05	9.998000599880036e-05
0.9062663951321482	9.9982043592171e-05	0.09353364078066737	9.9982043592171e-05
0.9758134254546534	9.9982043592171e-05	0.023986610458162156	9.9982043592171e-05
0.9908786095938278	9.998196060710753e-05	9.998196060710753e-05	0.008921426484957964
0.9997000599820036	9.998000599880036e-05	9.998000599880036e-05	9.998000599880036e-05
0.9215809069203285	0.007020509290928562	0.07129859279884214	9.999098990091003e-05
0.812277029241973	9.998200359935212e-05	0.18752300675082823	9.998200359935212e-05
0.823384029641825	9.998200359935212e-05	0.1764160063509762	9.998200359935212e-05
0.9927574824801364	0.007042553422680962	9.998204859127561e-05	9.998204859127561e-05
0.9912758225616276	0.0009519078296084983	9.999098210161418e-05	0.007672278626662124
0.9839196644833944	0.0043478485173836555	9.999096590308062e-05	0.011632496033318854
0.9417548107072831	9.999097990181304e-05	0.05398948914811268	0.004155709164702458
0.9758827423669558	9.998197360475896e-05	0.023917293685834465	9.998197360475896e-05
0.9030705565923567	0.03457038302594193	0.062259069430796905	9.99909509044431e-05
0.991074283447245	9.998202859486017e-05	9.998202859486017e-05	0.008725752495565214
0.9742742620797764	9.999102689758623e-05	0.017635904744058375	0.007989842149267538
0.9845952323644747	9.998202359575756e-05	9.998202359575756e-05	0.015204803588333643
0.9787360352344971	9.998200359935212e-05	0.021064000758304023	9.998200359935212e-05
0.9269238479844889	9.998198360295469e-05	0.07287618804830516	9.998198360295469e-05
0.9390724779878913	9.99910508954449e-05	0.006619003369072714	0.05420852759214054
0.9609659519517024	0.002930249853487508	0.024339198783040063	0.01176459941177003
0.9180791836158367	0.01573360314672063	0.010121602024320405	0.05606561121312224
0.9864505422869484	0.013349493805834875	9.998195360837353e-05	9.998195360837353e-05
0.974492891831289	9.999098890100023e-05	0.005060719438260143	0.020346397741549848
0.966044912089913	9.999099090081982e-05	0.013824298741988815	0.020030798177197367
0.8590419218271851	9.999099090081982e-05	0.054395595050000856	0.08646249213191322
0.9935488867354269	9.998198860205329e-05	9.998198860205329e-05	0.00625114928736898
0.9566091999313228	9.999102089812336e-05	0.02596970542766843	0.017321103620110655
0.9929430853931053	0.0068569505896977495	9.998200859845274e-05	9.998200859845274e-05
0.8217893664003985	0.007195774452057897	0.1709148682246366	9.999092290699843e-05
0.9703250349317011	9.998200359935212e-05	0.029475001061100035	9.998200359935212e-05
0.9997000599820036	9.998000599880036e-05	9.998000599880036e-05	9.998000599880036e-05
0.956515008608635	9.9991000899919e-05	0.022662000203958	0.020723000186507
0.9462748192615095	9.999098090172264e-05	0.05281638991206952	0.0008087998455192295
0.9997000599820036	9.998000599880036e-05	9.998000599880036e-05	9.998000599880036e-05
0.9866405421987884	0.013159493893994833	9.998195360837353e-05	9.998195360837353e-05
0.9923600426714818	0.0008381460360402796	9.999100429961318e-05	0.006701820288178272
0.9997000599820036	9.998000599880036e-05	9.998000599880036e-05	9.998000599880036e-05
0.9997000599820036	9.998000599880036e-05	9.998000599880036e-05	9.998000599880036e-05
0.9818238389808904	9.998198360295469e-05	0.017976197051903686	9.998198360295469e-05
0.8842670318336131	9.998200359935212e-05	0.11553300415918813	9.998200359935212e-05
0.9997000599820036	9.998000599880036e-05	9.998000599880036e-05	9.998000599880036e-05
0.8955423662768278	0.011733304798921665	0.09262433788335421	9.999104089633573e-05
0.9855336599908872	0.013807895236276142	9.999096550311689e-05	0.0005584538073334364
0.9997000599820036	9.998000599880036e-05	9.998000599880036e-05	9.998000599880036e-05
0.878433031623589	9.998200359935212e-05	0.12136700436921215	9.998200359935212e-05
0.9930240357488652	9.998200359935212e-05	9.998200359935212e-05	0.006776000243936008
0.833906030020617	9.998200359935212e-05	0.1658940059721842	9.998200359935212e-05
0.9996195221818683	9.998195220862685e-05	9.998195220862685e-05	0.00018051391371434923
0.9975343411567447	0.0009558773269100459	0.0014097904821483449	9.99910341969337e-05
0.9997000599820036	9.998000599880036e-05	9.998000599880036e-05	9.998000599880036e-05
0.9777746763565822	0.02108929301944401	9.999096690298996e-05	0.0010360396570708737
0.973855999026144	9.999099990000899e-05	0.00521510999478489	0.0208288999791711
0.9917674324106004	0.008032603502215126	9.9982043592171e-05	9.9982043592171e-05
0.9956510856259932	9.998200859845274e-05	9.998200859845274e-05	0.00414895035680973
0.9200748491077247	9.998198360295469e-05	0.07972518692506934	9.998198360295469e-05
0.9817848389872864	9.998198360295469e-05	0.01801519704550768	9.998198360295469e-05
0.991304758121639	0.008495277927152186	9.998197560439796e-05	9.998197560439796e-05
0.887293031942549	9.998200359935212e-05	0.11250700405025213	9.998200359935212e-05
0.8853565652899263	0.04631707725831507	0.06822636650085405	9.99909509044431e-05
0.9888282699501176	0.00043373611840996027	9.999102729755045e-05	0.010638002904174793
0.9997000599820036	9.998000599880036e-05	9.998000599880036e-05	9.998000599880036e-05
0.9623776237103492	9.99909609035343e-05	0.022715291118321174	0.014807094210426164
0.842037030313333	9.998200359935212e-05	0.15776300567946816	9.998200359935212e-05
0.8618845768146728	0.02807048621739127	0.1099449460170315	9.99909509044431e-05
0.9746706588652695	0.0004533588413244056	0.024775991328403038	9.999096500316225e-05
0.8229842066432247	9.998190361744491e-05	0.1768158295495403	9.998190361744491e-05
0.9997000599820036	9.998000599880036e-05	9.998000599880036e-05	9.998000599880036e-05
0.9997000599820036	9.998000599880036e-05	9.998000599880036e-05	9.998000599880036e-05
0.9911959563873778	0.008604079621420496	9.998199560079219e-05	9.998199560079219e-05
0.929622392114725	9.998914217542018e-05	0.07017762960092418	9.998914217542018e-05
0.9997000599820036	9.998000599880036e-05	9.998000599880036e-05	9.998000599880036e-05
0.8738151048578127	0.0019067802288136276	0.10583401270008153	0.01844410221329227
0.9997000599820036	9.998000599880036e-05	9.998000599880036e-05	9.998000599880036e-05
0.9496233504110163	0.0098413436314558	0.0404353149206312	9.999103689669261e-05
0.9912400158598401	0.008560020136960321	9.998200159971201e-05	9.998200159971201e-05
0.891439032091805	9.998200359935212e-05	0.10836100390099612	9.998200359935212e-05
0.9997000599820036	9.998000599880036e-05	9.998000599880036e-05	9.998000599880036e-05
0.9866157395334447	0.013184296519345717	9.998197360475896e-05	9.998197360475896e-05
0.9900289267378594	0.009771109276937912	9.998199260133254e-05	9.998199260133254e-05
0.8682840312582251	9.998200359935213e-05	0.13151600473457617	9.998200359935213e-05
0.9088636446343148	9.999096090353427e-05	0.08915806513919652	0.0018782992655849869
0.9815292316408986	9.998202359575756e-05	9.998202359575756e-05	0.018270804311909816
0.8580690308904849	9.998200359935212e-05	0.14173100510231615	9.998200359935212e-05
0.863558031088089	9.998200359935212e-05	0.13624200490471217	9.998200359935212e-05
0.9581328169966319	9.999098090172264e-05	0.029609094344662978	0.012158097677803343
0.9754564487099663	0.006992433216519278	0.009164044215460338	0.008387073858053973
0.9997000599820036	9.998000599880036e-05	9.998000599880036e-05	9.998000599880036e-05
0.855474030797065	9.998200359935212e-05	0.14432600519573618	9.998200359935212e-05
0.8899540320383451	9.998200359935212e-05	0.10984600395445612	9.998200359935212e-05
0.9967780159484482	0.0030220200483523202	9.998200159971201e-05	9.998200159971201e-05
0.9163590998831418	0.014087401535526766	9.999101089902018e-05	0.06945350757043232
0.9997000599820036	9.998000599880036e-05	9.998000599880036e-05	9.998000599880036e-05
0.9891233323454396	0.010676703587372405	9.998203359396328e-05	9.998203359396328e-05
0.9997000599820036	9.998000599880036e-05	9.998000599880036e-05	9.998000599880036e-05
0.920561594032337	9.999095590398843e-05	0.07598456649080618	0.0033538485209528017
0.9699326207563452	0.019082192538862716	9.999096090353427e-05	0.010885195743888462
0.9917777183351278	9.998197160512005e-05	9.998197160512005e-05	0.008022317721661764
